1 0 0 0 0 1 0 0 0 0 1 0
0.999993 0.00200782 -0.00304891 0.951887 -0.00200456 0.999997 0.00107318 -0.00960248 0.00305106 -0.00106706 0.999995 0.0308997
0.999988 0.00263011 -0.00412688 1.91283 -0.0026304 0.999997 -6.67584e-05 -0.0109456 0.00412669 7.7613e-05 0.999991 0.0428333
0.999996 0.00257436 -0.00137964 2.88463 -0.00257527 0.999996 -0.000654459 -0.0338715 0.00137795 0.00065801 0.999999 0.0368338
0.999991 0.00195897 0.00373964 3.84698 -0.00194064 0.999986 -0.00489867 -0.0182118 -0.00374919 0.00489137 0.999981 0.0146865
0.999989 0.00067848 0.0045981 4.77996 -0.000644805 0.999973 -0.00732116 -0.0288102 -0.00460295 0.00731811 0.999963 0.0474168
0.999999 0.00015912 0.00169644 5.71234 -0.000142148 0.99995 -0.0100004 -0.0312278 -0.00169795 0.0100002 0.999949 0.0524293
0.999999 -0.00094075 -0.00120433 6.64202 0.000930351 0.999963 -0.00860624 -0.0190522 0.00121239 0.00860511 0.999962 0.0782947
0.999996 -0.00185696 -0.00202793 7.569 0.0018381 0.999955 -0.0092612 -0.00429668 0.00204504 0.00925744 0.999955 0.0863213
0.999997 -0.00247505 -0.000575912 8.47861 0.00246997 0.999959 -0.0086618 -0.000634905 0.000597327 0.00866035 0.999962 0.0922792
0.999992 -0.00337963 0.00203791 9.41856 0.00339786 0.999954 -0.00900724 0.0138824 -0.00200737 0.00901409 0.999957 0.0918773
0.999986 -0.00414256 0.00324053 10.3367 0.00416973 0.999956 -0.00842314 0.0195079 -0.00320549 0.00843654 0.999959 0.101718
0.999979 -0.00500691 0.0040853 11.2672 0.00505061 0.999929 -0.010759 0.0256825 -0.00403114 0.0107794 0.999934 0.115117
0.999974 -0.00592423 0.00403536 12.1779 0.00596489 0.999931 -0.0101387 0.0323923 -0.00397501 0.0101625 0.99994 0.115568
0.999973 -0.00668271 0.00316247 13.0927 0.00671707 0.999917 -0.0109834 0.038088 -0.00308881 0.0110044 0.999935 0.132458
0.999971 -0.00759003 0.000964357 13.9663 0.00760045 0.999907 -0.0113016 0.0391137 -0.000878487 0.0113086 0.999936 0.142291
0.999954 -0.00955945 -8.76728e-05 14.8805 0.00955761 0.999876 -0.012496 0.0603222 0.000207117 0.0124946 0.999922 0.149614
0.999938 -0.011119 -0.000540573 15.7692 0.0111115 0.999863 -0.0122499 0.0671465 0.000676705 0.0122431 0.999925 0.162072
0.999922 -0.0123942 -0.00141285 16.6612 0.0123779 0.999862 -0.011035 0.0801682 0.00154943 0.0110167 0.999938 0.175869
0.9999 -0.0141122 -0.00134032 17.5375 0.0140982 0.999852 -0.00988858 0.100408 0.00147967 0.00986869 0.99995 0.193942
0.999877 -0.0156742 -0.000865748 18.4504 0.0156646 0.999825 -0.0101942 0.118711 0.00102538 0.0101794 0.999948 0.200626
0.999856 -0.016993 -6.70212e-05 19.3395 0.0169915 0.999805 -0.0100308 0.142083 0.000237462 0.0100282 0.99995 0.209265
0.99983 -0.0184354 0.000396962 20.2163 0.0184384 0.999784 -0.00955714 0.160034 -0.000220686 0.00956283 0.999954 0.222632
0.999804 -0.019815 0.000328684 21.0822 0.0198172 0.999756 -0.0097133 0.179456 -0.000136135 0.00971791 0.999953 0.234288
0.999773 -0.021324 8.68574e-05 21.9548 0.0213239 0.999728 -0.00944197 0.204757 0.000114507 0.00944167 0.999955 0.248012
0.999741 -0.022737 0.000547126 22.8054 0.0227412 0.999697 -0.00937448 0.227997 -0.000333813 0.0093845 0.999956 0.259748
0.999719 -0.0236006 0.00214047 23.6649 0.0236196 0.999677 -0.0093374 0.243524 -0.00191942 0.00938534 0.999954 0.258256
0.999686 -0.0245276 0.00507121 24.5113 0.0245836 0.999634 -0.0112845 0.270103 -0.00479258 0.0114056 0.999923 0.266734
0.999659 -0.0253209 0.00641143 25.3562 0.0253899 0.999618 -0.0109208 0.302595 -0.00613245 0.0110799 0.99992 0.283053
0.999666 -0.0252205 0.00559462 26.1759 0.0252778 0.999626 -0.0104241 0.324096 -0.00532962 0.0105621 0.99993 0.289308
0.999646 -0.0264297 0.00318117 26.9945 0.0264562 0.999613 -0.0086082 0.351822 -0.00295243 0.00868931 0.999958 0.296803
0.999615 -0.0277291 0.00129592 27.7894 0.0277391 0.99958 -0.00841562 0.384878 -0.00106202 0.00844833 0.999964 0.303665
0.999609 -0.0279157 0.00129723 28.58 0.0279251 0.999578 -0.00796457 0.409288 -0.00107435 0.00799769 0.999967 0.312807
0.999564 -0.0295034 0.000868904 29.3596 0.0295095 0.999531 -0.00819426 0.423324 -0.000626738 0.00821633 0.999966 0.32372
0.999506 -0.031437 0.00028449 30.1316 0.0314382 0.999479 -0.00727824 0.46105 -5.55355e-05 0.00728359 0.999973 0.33845
0.999451 -0.033139 0.000157647 30.9151 0.0331393 0.999425 -0.00718481 0.493217 8.05413e-05 0.00718608 0.999974 0.349212
0.999378 -0.0352431 0.000902182 31.669 0.0352486 0.999353 -0.00711975 0.518235 -0.000650677 0.00714713 0.999974 0.357004
0.999297 -0.0373695 0.0029661 32.4161 0.0373903 0.999274 -0.00729968 0.549176 -0.00269116 0.00740545 0.999969 0.366666
0.999222 -0.0391992 0.00442017 33.1467 0.0392286 0.999207 -0.00675003 0.580573 -0.00415207 0.00691817 0.999967 0.366419
0.999153 -0.0408613 0.00479686 33.8683 0.0408904 0.999145 -0.00614479 0.614788 -0.00454167 0.00633574 0.99997 0.385256
0.999069 -0.0429642 0.00397091 34.6038 0.0429792 0.999069 -0.00376497 0.655425 -0.00380545 0.00393213 0.999985 0.391976
0.998983 -0.0449716 0.00325319 35.2931 0.0449784 0.998986 -0.00205376 0.702846 -0.00315753 0.002198 0.999993 0.396633
0.99893 -0.0460797 0.00381092 35.9964 0.0460841 0.998937 -0.00106656 0.730011 -0.00375772 0.00124104 0.999992 0.405393
0.998872 -0.047158 0.00552997 36.6903 0.0471562 0.998887 0.000470611 0.770019 -0.00554601 -0.000209308 0.999985 0.409959
0.998853 -0.0474708 0.00619265 37.3601 0.0474547 0.99887 0.00271878 0.799073 -0.00631471 -0.00242179 0.999977 0.414431
0.998918 -0.0462624 0.00465623 38.0256 0.0462371 0.998916 0.00540288 0.842228 -0.00490113 -0.00518175 0.999975 0.423944
0.999013 -0.0443992 0.00128831 38.6863 0.0443886 0.998988 0.00731329 0.886304 -0.00161171 -0.00724889 0.999972 0.427933
0.999107 -0.0422547 -0.000431143 39.3235 0.0422568 0.999075 0.0080184 0.905819 9.19282e-05 -0.00802946 0.999968 0.44105
0.999231 -0.0392056 0.000205209 39.9612 0.0392022 0.999191 0.00894537 0.942416 -0.000555752 -0.00893045 0.99996 0.447227
0.999358 -0.0357169 0.00267906 40.5942 0.035677 0.99927 0.0136917 0.975934 -0.00316613 -0.0135873 0.999903 0.455594
0.999461 -0.032247 0.00613857 41.2165 0.0321286 0.999313 0.0184955 1.01072 -0.00673078 -0.0182883 0.99981 0.452409
0.999584 -0.0279496 0.00714368 41.8074 0.0277796 0.999352 0.0228917 1.04278 -0.00777886 -0.0226837 0.999712 0.461846
0.999726 -0.022124 0.00761437 42.3899 0.0219115 0.999397 0.026944 1.05286 -0.00820588 -0.0267698 0.999608 0.467721
0.999813 -0.0167756 0.00961382 42.9673 0.016474 0.999395 0.0306409 1.07597 -0.010122 -0.0304768 0.999484 0.469643
0.999889 -0.0102733 0.0108271 43.5311 0.00988606 0.99933 0.0352313 1.08438 -0.0111817 -0.0351203 0.999321 0.467621
0.999933 -0.00306982 0.0111333 44.0542 0.00263645 0.999246 0.0387332 1.10246 -0.0112439 -0.0387013 0.999188 0.477764
0.999925 0.00419848 0.0115375 44.5561 -0.00467673 0.999117 0.0417424 1.09627 -0.011352 -0.0417933 0.999062 0.481623
0.999863 0.0118599 0.0115303 45.0371 -0.0123797 0.99886 0.0461034 1.09574 -0.0109703 -0.0462399 0.99887 0.483867
0.99976 0.0196781 0.0096074 45.517 -0.0201427 0.9985 0.0509192 1.09191 -0.00859099 -0.0511005 0.998657 0.490063
0.999591 0.0276777 0.00721858 45.957 -0.0280187 0.998231 0.0524418 1.10039 -0.00575434 -0.0526226 0.998598 0.50618
0.999329 0.0359531 0.0070351 46.3801 -0.0362777 0.997919 0.0533014 1.08523 -0.00510411 -0.0535208 0.998554 0.49328
0.999019 0.043459 0.00850358 46.783 -0.0438456 0.997667 0.0523279 1.05362 -0.00620963 -0.0526494 0.998594 0.503771
0.998626 0.0514413 0.00997147 47.1601 -0.0519028 0.997219 0.0534819 1.04189 -0.00719256 -0.053926 0.998519 0.506932
0.998119 0.0603237 0.0108938 47.5188 -0.0608445 0.996553 0.0563869 1.02933 -0.00745474 -0.0569437 0.99835 0.510521
0.997563 0.068807 0.0115182 47.8449 -0.0693876 0.995696 0.0614412 1.01893 -0.00724105 -0.0620907 0.998044 0.520044
0.996885 0.0778938 0.0123553 48.1456 -0.0785378 0.99477 0.0653023 0.990572 -0.00720408 -0.0660693 0.997789 0.512332
0.996101 0.0872112 0.0133346 48.4266 -0.0878945 0.994036 0.0645446 0.963659 -0.00762609 -0.0654649 0.997826 0.513917
0.995129 0.0977952 0.0124145 48.6869 -0.0983887 0.993132 0.063315 0.933995 -0.00613738 -0.064228 0.997916 0.523982
0.993888 0.110023 0.00903028 48.9562 -0.110372 0.991958 0.0619433 0.905507 -0.0021425 -0.0625614 0.998039 0.534351
0.992318 0.123555 0.00625168 49.2154 -0.123703 0.990324 0.0628897 0.860915 0.00157916 -0.06318 0.998001 0.541768
0.990302 0.138833 0.00523835 49.4709 -0.13888 0.988214 0.0643796 0.818242 0.00376138 -0.0644828 0.997912 0.536139
0.987853 0.155312 0.00504675 49.7349 -0.155305 0.985673 0.0658012 0.774317 0.00524527 -0.0657857 0.99782 0.54055
0.985022 0.172357 0.00507533 49.9737 -0.17231 0.982803 0.0663838 0.724305 0.00645362 -0.066264 0.997781 0.540709
0.98169 0.190418 0.00506501 50.2246 -0.19034 0.979556 0.06512 0.674441 0.00743856 -0.0648918 0.997865 0.546042
0.977797 0.209477 0.00573396 50.4835 -0.209409 0.97573 0.0640258 0.598768 0.00781714 -0.063805 0.997932 0.553035
0.97327 0.229581 0.00622394 50.7015 -0.229502 0.971199 0.0640367 0.539143 0.00865691 -0.0637534 0.997928 0.557805
0.968041 0.250718 0.00606157 50.9578 -0.250567 0.96587 0.0656537 0.473639 0.0106059 -0.0650743 0.997824 0.564259
0.96183 0.273579 0.006077 51.2104 -0.27336 0.959572 0.0670539 0.398624 0.0125132 -0.0661557 0.997731 0.569771
0.954639 0.297679 0.00717269 51.4336 -0.297463 0.952308 0.068012 0.316535 0.0134151 -0.0670605 0.997659 0.57784
0.946179 0.323518 0.00897408 51.6843 -0.323328 0.943674 0.070274 0.221377 0.0142663 -0.0693934 0.997487 0.581222
0.936458 0.350609 0.0109623 51.9445 -0.350459 0.933802 0.0720574 0.118296 0.0150274 -0.0713205 0.99734 0.592256
0.925272 0.379111 0.0121084 52.1706 -0.378953 0.922571 0.0724997 0.0198072 0.0163146 -0.0716705 0.997295 0.592484
0.912436 0.40904 0.0121197 52.3888 -0.408831 0.909878 0.0705616 -0.0925024 0.0178351 -0.0693378 0.997434 0.604275
0.897192 0.441511 0.0107116 52.646 -0.441178 0.894878 0.0674976 -0.254686 0.0202153 -0.065284 0.997662 0.619847
0.879876 0.475127 0.00852095 52.852 -0.4746 0.877716 0.0661024 -0.386913 0.023928 -0.062206 0.997776 0.630206
0.860153 0.509991 0.0067922 53.1125 -0.509223 0.857954 0.067871 -0.564569 0.0287862 -0.0618382 0.997671 0.640595
0.838298 0.545179 0.00602132 53.312 -0.54423 0.836074 0.0692445 -0.724963 0.0327164 -0.0613245 0.997582 0.649261
0.813934 0.580918 0.00675427 53.5474 -0.579831 0.811579 0.0716667 -0.906959 0.0361508 -0.0622484 0.997406 0.658918
0.786668 0.617299 0.00976985 53.8141 -0.616164 0.784035 0.075041 -1.13247 0.0386628 -0.0650522 0.997133 0.674594
0.757207 0.653037 0.0134162 54.031 -0.651871 0.754239 0.0786683 -1.32497 0.0412543 -0.0683139 0.996811 0.676516
0.724291 0.689314 0.0157999 54.2833 -0.688133 0.721231 0.0793723 -1.57688 0.043317 -0.068361 0.99672 0.692979
0.687697 0.7258 0.0169195 54.535 -0.724659 0.684828 0.0766785 -1.86955 0.0440664 -0.0649925 0.996912 0.721003
0.648254 0.761204 0.0183117 54.7456 -0.760091 0.645511 0.0746824 -2.15733 0.0450281 -0.0623318 0.997039 0.741161
0.606257 0.795026 0.0196439 54.9789 -0.7939 0.603581 0.0735749 -2.49165 0.0466373 -0.0602006 0.997096 0.754802
0.560465 0.827937 0.0199685 55.1712 -0.826721 0.557886 0.0727768 -2.82616 0.0491145 -0.0572972 0.997148 0.783733
0.51227 0.858583 0.0203739 55.3738 -0.857316 0.509821 0.0713563 -3.20687 0.0508783 -0.0540205 0.997243 0.802383
0.463475 0.885807 0.0231485 55.5755 -0.884711 0.461118 0.0682372 -3.63152 0.0497708 -0.0521061 0.997401 0.827903
0.413899 0.909895 0.0278926 55.737 -0.909052 0.41151 0.0654534 -4.0162 0.0480777 -0.0524469 0.997466 0.86025
0.363794 0.930864 0.0338535 55.8904 -0.930255 0.361212 0.0644332 -4.45942 0.0477502 -0.0549327 0.997348 0.865235
0.314624 0.948566 0.0351189 56.0428 -0.947905 0.312031 0.0641235 -4.93378 0.0498672 -0.0534642 0.997324 0.8711
0.266763 0.963343 0.0284254 56.1354 -0.962447 0.264742 0.0600573 -5.39497 0.0503304 -0.043379 0.99779 0.920929
0.221619 0.974955 0.0186566 56.2308 -0.973904 0.220339 0.05442 -5.88802 0.0489462 -0.0302302 0.998344 0.945544
0.179174 0.983746 0.0118508 56.2726 -0.982609 0.178344 0.0517048 -6.43169 0.0487508 -0.0209089 0.998592 0.994508
0.140503 0.990029 0.0100972 56.3352 -0.988722 0.139769 0.053793 -6.93811 0.0518453 -0.0175414 0.998501 0.984997
0.106953 0.994256 0.00404118 56.3872 -0.992853 0.106583 0.0536912 -7.46069 0.0529521 -0.00975471 0.998549 1.03456
0.0774077 0.996997 -0.00210651 56.4002 -0.995644 0.0774124 0.0519617 -8.031 0.0519687 -0.0019249 0.998647 1.07013
0.0518678 0.998631 -0.00679678 56.4246 -0.997395 0.0521429 0.0498422 -8.58196 0.0501284 0.00419386 0.998734 1.08985
0.0315375 0.99944 -0.0112126 56.443 -0.998283 0.0320511 0.0490324 -9.15318 0.0493643 0.00964704 0.998734 1.12239
0.0152138 0.999806 -0.0125046 56.4298 -0.998633 0.0158189 0.0498121 -9.73751 0.0500002 0.0117297 0.99868 1.15649
0.00142072 0.999917 -0.0127918 56.4315 -0.998732 0.00206247 0.0502968 -10.33 0.050319 0.0127041 0.998652 1.18313
-0.010348 0.999864 -0.0128573 56.4346 -0.998646 -0.00967807 0.0511195 -10.9309 0.0509881 0.0133689 0.99861 1.19089
-0.0195583 0.999668 -0.0167631 56.4162 -0.998392 -0.0186356 0.053532 -11.5437 0.0532018 0.0177832 0.998425 1.24026
-0.0266457 0.999445 -0.0199799 56.3898 -0.998157 -0.0255107 0.0550586 -12.1807 0.0545184 0.0214102 0.998283 1.29285
-0.0311612 0.999304 -0.0205224 56.3764 -0.99804 -0.029994 0.0549167 -12.8127 0.0542629 0.0221934 0.99828 1.31462
-0.0349451 0.999228 -0.0179536 56.3513 -0.998055 -0.0339648 0.0522753 -13.4681 0.0516251 0.0197454 0.998471 1.3589
-0.0369636 0.999179 -0.0165728 56.3351 -0.998302 -0.0361737 0.0456669 -14.1278 0.0450299 0.0182327 0.998819 1.37343
-0.03824 0.999116 -0.0174903 56.3102 -0.998501 -0.0375188 0.0398565 -14.8112 0.039165 0.0189882 0.999052 1.40699
-0.0388137 0.999032 -0.0206832 56.2804 -0.998569 -0.0380168 0.0376222 -15.5056 0.0367994 0.0221139 0.999078 1.42912
-0.0389923 0.99894 -0.0244653 56.2555 -0.9985 -0.0380096 0.039421 -16.1852 0.0384493 0.0259657 0.998923 1.47567
-0.0382762 0.998949 -0.0252096 56.2272 -0.998226 -0.0370727 0.0465937 -16.8861 0.0456101 0.0269483 0.998596 1.50042
-0.0363838 0.999059 -0.0235975 56.2109 -0.997932 -0.0350707 0.053859 -17.5962 0.0529808 0.0255083 0.99827 1.5692
-0.0343877 0.999125 -0.0238018 56.179 -0.997885 -0.0330111 0.0559942 -18.316 0.0551595 0.025677 0.998147 1.60064
-0.0322371 0.999165 -0.025106 56.1448 -0.998194 -0.0309115 0.0515103 -19.0545 0.0506913 0.0267212 0.998357 1.62674
-0.0290582 0.999233 -0.0262565 56.133 -0.998575 -0.0278428 0.045527 -19.7929 0.044761 0.027542 0.998618 1.64967
-0.0268124 0.999332 -0.0248259 56.1109 -0.998712 -0.025709 0.0437451 -20.5315 0.0430777 0.0259668 0.998734 1.67181
-0.0238682 0.999246 -0.030609 56.1199 -0.998566 -0.0223617 0.0486484 -21.2536 0.0479272 0.0317263 0.998347 1.73954
-0.0209399 0.99925 -0.0325591 56.0939 -0.998367 -0.0191681 0.0538097 -21.9711 0.0531453 0.0336327 0.99802 1.80057
-0.0182754 0.999476 -0.0267019 56.0792 -0.99835 -0.0167877 0.0549145 -22.7133 0.0544375 0.0276614 0.998134 1.8322
-0.0143338 0.999654 -0.0220574 56.0919 -0.998547 -0.0131651 0.0522493 -23.4775 0.0519408 0.0227743 0.99839 1.86102
-0.00996757 0.999569 -0.027599 56.0825 -0.998795 -0.00862578 0.0483166 -24.2034 0.0480577 0.0280473 0.998451 1.88742
-0.00668543 0.999445 -0.0326357 56.0555 -0.998773 -0.00507203 0.0492717 -24.9423 0.0490788 0.0329251 0.998252 1.94316
-0.00388853 0.999478 -0.0320765 56.0479 -0.998573 -0.0021725 0.0533602 -25.6715 0.0532627 0.0322382 0.99806 2.00813
-0.0001829 0.999599 -0.0283008 56.0712 -0.998488 0.00137306 0.0549501 -26.4295 0.0549669 0.028268 0.998088 2.03789
0.00344243 0.99963 -0.0269907 56.0719 -0.99854 0.00489118 0.0537951 -27.1578 0.0539072 0.0267661 0.998187 2.08895
0.0071655 0.999471 -0.0317241 56.0907 -0.998616 0.00880513 0.0518498 -27.9069 0.0521017 0.0313086 0.998151 2.12156
0.0105249 0.999266 -0.0368282 56.091 -0.998586 0.0124225 0.0516832 -28.6554 0.0521028 0.0362322 0.997984 2.17307
0.0136685 0.999127 -0.0394767 56.0961 -0.998493 0.0157371 0.0525741 -29.3788 0.0531494 0.0386986 0.997836 2.22993
0.0166977 0.999055 -0.0401226 56.0997 -0.998439 0.0187996 0.0525941 -30.1193 0.0532987 0.0391818 0.99781 2.27269
0.0196868 0.998949 -0.0414041 56.1157 -0.99842 0.0218223 0.0517747 -30.8635 0.0526238 0.0403194 0.9978 2.30711
0.0230775 0.998713 -0.0451579 56.1232 -0.998407 0.0253497 0.0504105 -31.6163 0.0514903 0.0439226 0.997707 2.35079
0.0265265 0.998709 -0.0433133 56.1699 -0.998293 0.0287209 0.050855 -32.3501 0.0520334 0.0418904 0.997766 2.39313
0.0296386 0.998762 -0.0399452 56.2007 -0.998128 0.0317115 0.0522988 -33.1005 0.0535008 0.0383203 0.997832 2.44109
0.0323099 0.998605 -0.0417555 56.217 -0.998029 0.0344834 0.0524262 -33.8592 0.053793 0.0399793 0.997751 2.48783
0.0350923 0.998576 -0.0401729 56.2428 -0.997952 0.0371648 0.0520622 -34.603 0.0534811 0.0382636 0.997835 2.52905
0.037242 0.99856 -0.03861 56.2802 -0.99785 0.039245 0.0524891 -35.3897 0.0539288 0.0365721 0.997875 2.5759
0.0405959 0.998489 -0.0370305 56.3319 -0.997702 0.0425204 0.0527535 -36.1066 0.0542483 0.0348038 0.997921 2.61242
0.0437753 0.998454 -0.0342483 56.3688 -0.997468 0.0456037 0.0545639 -36.872 0.0560414 0.0317731 0.997923 2.66455
0.0465314 0.998337 -0.0340377 56.4047 -0.997138 0.048454 0.0580282 -37.6335 0.0595809 0.0312402 0.997735 2.71928
0.0501025 0.998155 -0.0342971 56.4519 -0.996825 0.0521044 0.0602038 -38.3923 0.0618798 0.0311719 0.997597 2.76435
0.0533919 0.998165 -0.0285629 56.5085 -0.996519 0.0550941 0.0625645 -39.1541 0.0640233 0.025123 0.997632 2.82757
0.056255 0.998108 -0.0247965 56.5664 -0.996367 0.0577126 0.0626213 -39.9593 0.0639339 0.0211837 0.997729 2.85716
0.0594684 0.997859 -0.0272239 56.6084 -0.99618 0.0610713 0.0624178 -40.7212 0.0639467 0.023408 0.997679 2.9241
0.0634288 0.997603 -0.0276608 56.6608 -0.995848 0.0650821 0.0636524 -41.5072 0.0653 0.0235085 0.997589 2.98693
0.0671986 0.99747 -0.0231803 56.7253 -0.99555 0.0685715 0.0646443 -42.3052 0.0660702 0.0187332 0.997639 3.03953
0.0716539 0.997183 -0.0221758 56.7908 -0.995301 0.0729349 0.0636853 -43.1 0.0651233 0.0175083 0.997724 3.08196
0.0765281 0.996749 -0.025208 56.8488 -0.995016 0.0779673 0.0621684 -43.8849 0.0639317 0.0203247 0.997747 3.1455
0.0810461 0.996493 -0.0208304 56.9097 -0.994384 0.0822663 0.0665767 -44.6681 0.0680569 0.0153176 0.997564 3.1909
0.0871882 0.996008 -0.0191159 57.0049 -0.993274 0.0883845 0.0748054 -45.4532 0.0761964 0.0124652 0.997015 3.27059
0.0943173 0.995342 -0.0199769 57.0908 -0.992195 0.0956254 0.0800336 -46.2568 0.0815711 0.0122725 0.996592 3.31731
0.101877 0.994683 -0.0150709 57.1862 -0.991247 0.102781 0.0828636 -47.0778 0.083972 0.00649708 0.996447 3.39319
0.109194 0.993942 -0.0124687 57.2705 -0.990601 0.10985 0.0815057 -47.8856 0.0823817 0.00345154 0.996595 3.45962
0.117075 0.993045 -0.0124273 57.3665 -0.989861 0.117695 0.079522 -48.683 0.0804316 0.00299131 0.996756 3.53517
0.124187 0.992183 -0.0122616 57.4709 -0.989197 0.124764 0.0769592 -49.502 0.0778874 0.0025718 0.996959 3.60819
0.132188 0.991163 -0.0110757 57.6013 -0.988624 0.132642 0.0709116 -50.3118 0.0717541 0.00157602 0.997421 3.68207
0.139887 0.990135 -0.00804015 57.7407 -0.988054 0.140114 0.064171 -51.1272 0.0646645 -0.0010326 0.997907 3.73834
0.147094 0.989086 -0.00848587 57.8432 -0.987248 0.147338 0.0602781 -51.9399 0.0608706 -0.000488905 0.998146 3.80241
0.154534 0.987943 -0.00932352 57.9753 -0.985949 0.154814 0.0627509 -52.7221 0.0634378 -0.000504657 0.997986 3.85729
0.160237 0.987026 -0.0101684 58.1072 -0.9846 0.160556 0.0691689 -53.509 0.0699041 -0.00107162 0.997553 3.92764
0.165118 0.986215 -0.0108139 58.2523 -0.983444 0.165464 0.0738931 -54.3087 0.0746637 -0.00156621 0.997208 3.98584
0.17027 0.985347 -0.00997011 58.3927 -0.982438 0.170533 0.0757257 -55.066 0.0763163 -0.00309876 0.997079 4.05139
0.175394 0.984465 -0.00809426 58.5331 -0.981521 0.175497 0.0762765 -55.8202 0.0765121 -0.00543379 0.997054 4.10339
0.18031 0.983554 -0.0104349 58.6556 -0.980834 0.180588 0.073162 -56.5966 0.0738432 -0.00295692 0.997265 4.1891
0.184947 0.982692 -0.0105166 58.8067 -0.980376 0.185233 0.0674606 -57.3462 0.068241 -0.00216641 0.997667 4.23779
0.188624 0.982006 -0.0091915 58.9597 -0.980196 0.188834 0.0596424 -58.0985 0.0603049 -0.00224051 0.998177 4.30346
0.192223 0.98134 -0.00467646 59.1298 -0.97972 0.192176 0.0567151 -58.8579 0.0565555 -0.0063203 0.998379 4.35075
0.195365 0.980723 -0.00375159 59.2652 -0.979106 0.19526 0.0567921 -59.5599 0.0564299 -0.00742199 0.998379 4.40887
0.19799 0.980203 -0.00163321 59.4222 -0.978487 0.197741 0.0588378 -60.2909 0.0579959 -0.0100512 0.998266 4.46113
0.199443 0.979909 0.00109494 59.5803 -0.977998 0.198984 0.062649 -60.9695 0.0611725 -0.0135658 0.998035 4.51191
0.201721 0.979443 0.000861132 59.7486 -0.977218 0.201204 0.067542 -61.6701 0.0659803 -0.0144662 0.997716 4.55562
0.20374 0.979022 0.00249933 59.8822 -0.976409 0.203008 0.0735703 -62.3602 0.0715195 -0.0174296 0.997287 4.62615
0.204682 0.978828 0.000773229 60.0138 -0.97607 0.204046 0.0751814 -63.0039 0.0734319 -0.016143 0.99717 4.68075
0.206792 0.978381 0.00296509 60.185 -0.975666 0.20599 0.0751311 -63.6801 0.072896 -0.0184294 0.997169 4.72494
0.20762 0.978206 0.00255793 60.3406 -0.975682 0.206895 0.0723852 -64.373 0.0702784 -0.0175243 0.997373 4.78783
0.208034 0.978119 0.00210812 60.4917 -0.975774 0.207385 0.0696821 -65.0075 0.0677202 -0.0165533 0.997567 4.83834
0.207515 0.978229 0.00221968 60.624 -0.975949 0.206875 0.0687419 -65.6378 0.0667861 -0.0164313 0.997632 4.89237
0.20644 0.978454 0.00315096 60.744 -0.976248 0.205756 0.0678528 -66.2862 0.0657425 -0.0170836 0.99769 4.94092
0.204825 0.978794 0.00309077 60.8766 -0.976566 0.204143 0.0681473 -66.8919 0.0660712 -0.0169766 0.99767 4.98899
0.202341 0.979306 0.00413323 61.0096 -0.976911 0.201547 0.0708806 -67.5177 0.0685808 -0.0183799 0.997476 5.0358
0.200259 0.979737 0.0032948 61.1419 -0.977026 0.199453 0.0750918 -68.1063 0.0729131 -0.018257 0.997171 5.09173
0.197912 0.980219 0.00155043 61.2412 -0.977434 0.19723 0.0756544 -68.6997 0.0738521 -0.0164884 0.997133 5.14033
0.195831 0.980636 0.00200184 61.3744 -0.977932 0.195138 0.0746336 -69.3091 0.0727978 -0.0165732 0.997209 5.1944
0.19358 0.981079 0.00322108 61.4878 -0.978596 0.192854 0.0718153 -69.869 0.0698353 -0.0170542 0.997413 5.22692
0.191414 0.981506 0.0024683 61.6082 -0.979295 0.190812 0.0676168 -70.461 0.0658954 -0.01536 0.997708 5.27933
0.189209 0.981937 -0.000648156 61.7173 -0.97977 0.188836 0.0662661 -71.0013 0.0651915 -0.0119031 0.997802 5.32586
0.187318 0.982293 -0.00358848 61.8238 -0.97997 0.187124 0.0681492 -71.5715 0.0676139 -0.00924898 0.997669 5.37559
0.18465 0.98277 -0.00817364 61.9069 -0.980311 0.184767 0.0696518 -72.0949 0.0699619 -0.00484846 0.997538 5.42228
0.182318 0.98321 -0.00756945 62.0108 -0.980577 0.182385 0.0721423 -72.6208 0.0723116 -0.00573044 0.997366 5.45316
0.181088 0.983444 -0.00674085 62.1177 -0.98065 0.181084 0.0743981 -73.1489 0.074387 -0.0068622 0.997206 5.51227
0.18025 0.983585 -0.00839958 62.2304 -0.980859 0.180377 0.0733518 -73.7314 0.0736628 -0.00498288 0.997271 5.55125
0.1804 0.983495 -0.0139179 62.3138 -0.98091 0.180934 0.0712696 -74.2606 0.0726115 0.00079514 0.99736 5.59961
0.181915 0.983122 -0.0194262 62.4193 -0.980662 0.182839 0.0697955 -74.82 0.0721694 0.0063537 0.997372 5.6404
0.18405 0.982672 -0.0219241 62.5032 -0.9803 0.185141 0.068806 -75.366 0.0716728 0.00882849 0.997389 5.68332
0.1876 0.982001 -0.0219223 62.6333 -0.979637 0.18868 0.0686362 -75.9196 0.0715371 0.00859976 0.997401 5.72788
0.192872 0.98103 -0.0195268 62.726 -0.978594 0.193773 0.069324 -76.4844 0.0717927 0.00573818 0.997403 5.7753
0.199341 0.979677 -0.0222499 62.837 -0.977325 0.200415 0.0683292 -77.0444 0.0713998 0.00812459 0.997415 5.80985
0.207198 0.978067 -0.0213135 63.0017 -0.975702 0.208185 0.0682932 -77.587 0.0712325 0.0066454 0.997438 5.8579
0.21504 0.976382 -0.0208736 63.1236 -0.974073 0.215971 0.0673613 -78.185 0.0702785 0.00584707 0.99751 5.90013
0.224845 0.974206 -0.0191611 63.2647 -0.971939 0.225631 0.0665258 -78.7873 0.0691332 0.00366542 0.997601 5.94844
0.234316 0.971997 -0.0178064 63.4153 -0.969726 0.234985 0.0664325 -79.3557 0.0687565 0.00170115 0.997632 5.98513
0.24388 0.969681 -0.0155239 63.5657 -0.967187 0.244366 0.0695367 -79.9266 0.0712219 -0.00194416 0.997459 6.03547
0.253715 0.96722 -0.0107216 63.7257 -0.964506 0.253811 0.0728511 -80.5099 0.0731843 -0.00814237 0.997285 6.08036
0.264821 0.964248 -0.00976763 63.9186 -0.961391 0.264795 0.0749126 -81.1236 0.0748208 -0.0104479 0.997142 6.12521
0.275096 0.961376 -0.00880668 64.1165 -0.958368 0.274941 0.0770622 -81.7449 0.0765071 -0.0127595 0.996987 6.1816
0.285503 0.958355 -0.00656326 64.3008 -0.955301 0.285128 0.0781189 -82.3554 0.076737 -0.0160333 0.996922 6.22597
0.295906 0.955193 -0.00679965 64.5161 -0.952096 0.295507 0.0786644 -82.9819 0.077149 -0.0168034 0.996878 6.27653
0.30597 0.95203 -0.00459402 64.6889 -0.94893 0.305356 0.0793112 -83.5905 0.0769094 -0.0199074 0.996839 6.33144
0.316973 0.948428 -0.00366766 64.9715 -0.945624 0.316328 0.0757108 -84.3068 0.0729664 -0.02053 0.997123 6.37709
0.327336 0.94489 -0.00578063 65.1905 -0.942568 0.326949 0.0683422 -84.9542 0.0664659 -0.0169222 0.997645 6.42855
0.337828 0.941181 -0.00716149 65.423 -0.939106 0.337572 0.0642325 -85.6178 0.0628719 -0.0149741 0.997909 6.48692
0.348665 0.937218 -0.00737224 65.6905 -0.935336 0.348445 0.0610881 -86.2878 0.0598217 -0.0144037 0.998105 6.5204
0.357271 0.933927 -0.0117086 65.9319 -0.932163 0.357326 0.0582282 -86.9863 0.0585647 -0.0098889 0.998235 6.5866
0.366267 0.930364 -0.0164678 66.2136 -0.928786 0.366607 0.0543694 -87.7071 0.0566205 -0.00461866 0.998385 6.61002
0.373036 0.927506 -0.0240164 66.4889 -0.926452 0.373766 0.0445699 -88.4254 0.0503154 0.00562386 0.998718 6.65717
0.379652 0.924698 -0.0282402 66.7548 -0.923902 0.380544 0.0399014 -89.1369 0.0476434 0.0109425 0.998804 6.721
0.386975 0.921491 -0.033247 67.0665 -0.92078 0.388095 0.0393235 -89.8499 0.0491393 0.015396 0.998673 6.73771
0.394333 0.918178 -0.0380805 67.3691 -0.917207 0.395803 0.0455159 -90.5522 0.0568641 0.0169793 0.998238 6.79733
0.4011 0.915025 -0.0429807 67.6785 -0.913798 0.402957 0.0509726 -91.265 0.0639606 0.0188306 0.997775 6.84309
0.406372 0.912702 -0.0428651 68.0078 -0.911345 0.408246 0.0527714 -91.9817 0.065664 0.0176201 0.997686 6.89985
0.411199 0.910787 -0.0371684 68.3314 -0.909229 0.412718 0.0544585 -92.7012 0.0649402 0.0114013 0.997824 6.94331
0.415703 0.9089 -0.033028 68.6679 -0.907104 0.416969 0.0574406 -93.3931 0.0659794 0.00608159 0.997802 7.00328
0.419515 0.907174 -0.032282 68.9928 -0.905155 0.420738 0.060607 -94.0609 0.0685634 0.00379466 0.99764 7.07013
0.423616 0.905289 -0.0316407 69.3098 -0.902955 0.424795 0.0649664 -94.7253 0.0722542 0.00104935 0.997386 7.11892
0.426965 0.903772 -0.0299655 69.6432 -0.901189 0.42801 0.0683134 -95.3963 0.0745652 -0.00216289 0.997214 7.19048
0.431156 0.901815 -0.0288904 69.9703 -0.89933 0.432113 0.066956 -96.0597 0.0728658 -0.00288647 0.997338 7.24455
0.435397 0.899774 -0.0289256 70.2788 -0.897525 0.436353 0.0636033 -96.7107 0.0698504 -0.0017313 0.997556 7.31449
0.439133 0.897998 -0.0276034 70.6076 -0.895924 0.439995 0.0610286 -97.3545 0.0669489 -0.00206912 0.997754 7.36302
0.442274 0.896476 -0.0269231 70.9023 -0.894471 0.443086 0.059973 -97.9804 0.0656936 -0.00244258 0.997837 7.42444
0.446083 0.894635 -0.0252452 71.2496 -0.892513 0.446769 0.0617973 -98.5839 0.0665648 -0.00503504 0.997769 7.47482
0.448594 0.893357 -0.0260318 71.553 -0.89118 0.449322 0.06251 -99.202 0.0675404 -0.00484255 0.997705 7.5351
0.451161 0.891996 -0.0282387 71.8557 -0.889933 0.452038 0.0606713 -99.8086 0.0668835 -0.00224201 0.997758 7.58082
0.452717 0.891157 -0.0297697 72.1562 -0.889151 0.453695 0.059756 -100.412 0.0667583 -0.000582805 0.997769 7.64155
0.454261 0.890419 -0.0283124 72.4717 -0.888422 0.455138 0.0596286 -100.978 0.0659804 -0.00193354 0.997819 7.67739
0.456034 0.889444 -0.0303773 72.7551 -0.887496 0.457045 0.0588218 -101.543 0.0662025 0.000134948 0.997806 7.73218
0.458627 0.888092 -0.0308649 73.0565 -0.886006 0.459664 0.0608496 -102.107 0.0682276 -0.000560863 0.99767 7.7831
0.460849 0.886872 -0.0328088 73.319 -0.884783 0.462014 0.0608478 -102.66 0.0691223 0.000986967 0.997608 7.84122
0.464072 0.885072 -0.0358423 73.6363 -0.88306 0.465438 0.0597705 -103.203 0.0695835 0.00391308 0.997568 7.88908
0.467273 0.883292 -0.0380933 73.9222 -0.881381 0.468781 0.0584081 -103.747 0.0694488 0.0062822 0.997566 7.9348
0.47082 0.881336 -0.0396944 74.1933 -0.879484 0.472426 0.0576305 -104.285 0.0695445 0.00777702 0.997549 7.98707
0.474026 0.879577 -0.0405355 74.489 -0.877748 0.475682 0.0573079 -104.803 0.0696887 0.00841452 0.997533 8.02811
0.477187 0.877826 -0.041397 74.7429 -0.876061 0.478888 0.0564202 -105.315 0.0693517 0.00934325 0.997549 8.07642
0.480278 0.876033 -0.0435753 75.0384 -0.874312 0.482121 0.0560148 -105.804 0.0700794 0.0111957 0.997479 8.12027
0.484783 0.873541 -0.0437115 75.2976 -0.871713 0.486641 0.0574163 -106.324 0.0714273 0.0102695 0.997393 8.16655
0.488461 0.871314 -0.0470967 75.5739 -0.869536 0.490553 0.057141 -106.811 0.0728911 0.0130411 0.997255 8.22063
0.49303 0.868736 -0.047116 75.867 -0.866701 0.495153 0.0604416 -107.285 0.0758374 0.011036 0.997059 8.26326
0.498446 0.865638 -0.0471352 76.1624 -0.863113 0.500613 0.0664975 -107.788 0.0811593 0.00753764 0.996673 8.31266
0.504428 0.862244 -0.0456927 76.4798 -0.859067 0.506489 0.0739714 -108.281 0.0869243 0.00193991 0.996213 8.36759
0.510665 0.858652 -0.0440227 76.7768 -0.854883 0.512548 0.08044 -108.744 0.0916337 -0.0034437 0.995787 8.41011
0.517018 0.854886 -0.0431617 77.0852 -0.850664 0.518765 0.0851663 -109.24 0.0951983 -0.00731645 0.995431 8.46491
0.522672 0.851596 -0.0399919 77.3949 -0.847337 0.524085 0.0857636 -109.723 0.0939951 -0.0109396 0.995513 8.51769
0.529008 0.847995 -0.0324768 77.7141 -0.843902 0.529712 0.085051 -110.218 0.0893262 -0.0175855 0.995847 8.56928
0.535405 0.844235 -0.0246733 78.0426 -0.84051 0.535457 0.0826404 -110.72 0.0829794 -0.0235079 0.996274 8.6235
0.541666 0.840418 -0.0171739 78.3919 -0.83707 0.541152 0.0804258 -111.21 0.076885 -0.0291882 0.996613 8.67646
0.5481 0.836303 -0.0135428 78.7472 -0.833212 0.547347 0.0785444 -111.709 0.0730995 -0.0317662 0.996819 8.72818
0.554912 0.831845 -0.0103122 79.0899 -0.828602 0.553768 0.0822164 -112.236 0.0741019 -0.0370782 0.996561 8.78237
0.561481 0.827445 -0.00856785 79.4629 -0.823962 0.560012 0.0864494 -112.76 0.0763302 -0.0414801 0.996219 8.8267
0.567639 0.823231 -0.00873507 79.849 -0.819499 0.566017 0.0896996 -113.287 0.0787877 -0.0437586 0.995931 8.88094
0.573794 0.818961 -0.00795165 80.22 -0.815054 0.571955 0.0924898 -113.818 0.0802936 -0.0465891 0.995682 8.92445
0.580377 0.814326 -0.00605419 80.6451 -0.810442 0.578304 0.0935275 -114.366 0.079663 -0.0493746 0.995598 8.97932
0.587368 0.809318 -0.00143542 81.06 -0.805551 0.584803 0.0953558 -114.889 0.0780126 -0.0548527 0.995442 9.03235
0.594442 0.804139 -3.85836e-05 81.4863 -0.800587 0.591821 0.0938525 -115.45 0.0754933 -0.055759 0.995586 9.0867
0.601997 0.798498 0.000606942 81.926 -0.795148 0.599401 0.091972 -116.029 0.0730757 -0.0558495 0.995761 9.14169
0.609635 0.792682 0.000535675 82.3693 -0.78935 0.607011 0.0920036 -116.615 0.0726044 -0.0565115 0.995759 9.20718
0.617309 0.786716 0.00285047 82.8425 -0.783385 0.614353 0.0942274 -117.167 0.072379 -0.0604004 0.995547 9.25128
0.62494 0.780665 0.00342768 83.3209 -0.777291 0.621819 0.095706 -117.75 0.0725829 -0.0624749 0.995404 9.30852
0.632179 0.77481 0.0043344 83.8051 -0.771477 0.628921 0.0963406 -118.339 0.0719197 -0.0642484 0.995339 9.35464
0.637469 0.770464 0.0041809 84.3167 -0.767221 0.634269 0.0952622 -118.935 0.0707443 -0.0639344 0.995443 9.41456
0.641078 0.76747 0.00303862 84.8322 -0.76425 0.638016 0.0941193 -119.526 0.070295 -0.0626601 0.995556 9.47124
0.644453 0.764643 0.00095283 85.3565 -0.761432 0.641631 0.0923632 -120.144 0.0700135 -0.0602492 0.995725 9.51952
0.647489 0.762068 -0.00332508 85.8669 -0.758876 0.645164 0.0887233 -120.765 0.0697584 -0.054924 0.996051 9.58443
0.650797 0.759207 -0.00828123 86.4316 -0.756187 0.64911 0.0826896 -121.415 0.068154 -0.047552 0.996541 9.64606
0.654186 0.756245 -0.0115767 86.9366 -0.753492 0.652977 0.0766171 -122.036 0.0655007 -0.0413989 0.996993 9.70529
0.6576 0.753236 -0.0140668 87.5113 -0.750758 0.65676 0.0709145 -122.678 0.0626539 -0.0360726 0.997383 9.76865
0.660667 0.750527 -0.0150872 88.0814 -0.748143 0.659953 0.0688769 -123.322 0.0616508 -0.0342173 0.997511 9.81468
0.663702 0.747851 -0.0148238 88.6626 -0.745369 0.662899 0.0706368 -123.963 0.0626524 -0.0358326 0.997392 9.88577
0.667115 0.744855 -0.0122009 89.2382 -0.742171 0.665947 0.0754796 -124.579 0.0643465 -0.0412984 0.997073 9.93115
0.670618 0.741759 -0.00801846 89.8494 -0.739039 0.669013 0.0790096 -125.217 0.0639706 -0.0470593 0.996842 9.98993
0.67363 0.739055 -0.00452842 90.443 -0.73664 0.6719 0.0768869 -125.868 0.0598663 -0.0484575 0.99703 10.0474
0.677109 0.735882 0.00131974 91.0632 -0.733939 0.675188 0.0738571 -126.497 0.0534591 -0.0509779 0.997268 10.0876
0.680821 0.732435 0.00465583 91.6742 -0.730983 0.679041 0.0675806 -127.157 0.0463369 -0.0494136 0.997703 10.1499
0.685211 0.728333 0.00414248 92.299 -0.727083 0.683678 0.0627362 -127.831 0.0428607 -0.0459995 0.998022 10.1889
0.689557 0.724231 -8.15572e-05 92.9089 -0.722902 0.688298 0.0604836 -128.482 0.0438602 -0.0416479 0.998169 10.2414
0.694318 0.719579 -0.0113508 93.5209 -0.717957 0.693668 0.0579869 -129.125 0.0495998 -0.0321119 0.998253 10.2952
0.698912 0.71492 -0.0202701 94.1722 -0.712836 0.698621 0.0615944 -129.771 0.0581962 -0.0285999 0.997895 10.3367
0.704014 0.709726 -0.0255735 94.8006 -0.707504 0.704027 0.0615148 -130.409 0.0616631 -0.0252139 0.997778 10.4064
0.710034 0.703663 -0.026672 95.4678 -0.701678 0.710198 0.057166 -131.063 0.059168 -0.0218746 0.998008 10.4368
0.716311 0.697199 -0.0284944 96.1316 -0.695541 0.716686 0.050839 -131.707 0.0558664 -0.0165976 0.9983 10.5213
0.721003 0.692112 -0.0337033 96.7827 -0.690631 0.721718 0.0463834 -132.341 0.0564268 -0.0101661 0.998355 10.5606
0.725447 0.687307 -0.03655 97.4464 -0.685533 0.726272 0.0507227 -132.967 0.0614073 -0.0117404 0.998044 10.6391
0.729075 0.683377 -0.0380191 98.1251 -0.681412 0.72995 0.0534031 -133.618 0.0642464 -0.0130283 0.997849 10.6789
0.732202 0.679963 -0.039126 98.819 -0.678211 0.73318 0.0497707 -134.251 0.0625286 -0.00990655 0.997994 10.75
0.734831 0.677053 -0.0402751 99.4996 -0.675744 0.735924 0.0422557 -134.888 0.0582488 -0.00383519 0.998295 10.8134
0.73594 0.675911 -0.0391985 100.184 -0.674775 0.736979 0.0392399 -135.524 0.0554112 -0.00242802 0.998461 10.8773
0.737074 0.674617 -0.0401622 100.885 -0.673755 0.738165 0.0341455 -136.165 0.0526815 0.00189165 0.99861 10.9355
0.737333 0.674411 -0.0388632 101.588 -0.673589 0.738354 0.033325 -136.781 0.0511696 0.00160618 0.998689 10.995
0.737284 0.674437 -0.0393327 102.272 -0.673678 0.738327 0.0321083 -137.4 0.0506955 0.00282466 0.99871 11.0433
0.736678 0.675237 -0.0368864 102.97 -0.674259 0.737599 0.0363843 -138.046 0.0517754 -0.00193255 0.998657 11.1055
0.73563 0.676394 -0.0366118 103.686 -0.675289 0.73653 0.0388356 -138.653 0.0532338 -0.00384511 0.998575 11.1512
0.733822 0.678516 -0.0334924 104.372 -0.677155 0.734523 0.0440182 -139.302 0.0544679 -0.00962202 0.998469 11.2223
0.731905 0.680657 -0.0319578 105.048 -0.679233 0.73251 0.0455065 -139.922 0.0543838 -0.0115996 0.998453 11.2648
0.729594 0.683287 -0.028493 105.742 -0.681771 0.729982 0.0481168 -140.539 0.0536769 -0.01568 0.998435 11.3257
0.727549 0.685538 -0.0266231 106.467 -0.68408 0.727851 0.0476221 -141.181 0.0520244 -0.0164351 0.998511 11.3899
0.725131 0.688143 -0.025392 107.139 -0.686857 0.725422 0.0446068 -141.821 0.0491157 -0.0149051 0.998682 11.4317
0.722281 0.691081 -0.0267817 107.797 -0.689969 0.722695 0.0406713 -142.466 0.0474622 -0.0108976 0.998814 11.4808
0.719213 0.694119 -0.0305266 108.46 -0.692857 0.719794 0.0429646 -143.104 0.0517954 -0.00975012 0.99861 11.5574
0.715619 0.697904 -0.0286151 109.106 -0.695879 0.715884 0.0571187 -143.714 0.0603485 -0.0209626 0.997957 11.6105
0.712207 0.701355 -0.0293597 109.783 -0.698871 0.712369 0.064107 -144.362 0.0658767 -0.0251388 0.997511 11.6877
0.70895 0.704576 -0.0310211 110.418 -0.702397 0.709349 0.0588417 -144.977 0.0634632 -0.0199267 0.997785 11.7305
0.705537 0.708298 -0.0230678 111.077 -0.706333 0.705477 0.0582804 -145.625 0.0575537 -0.0248254 0.998034 11.7985
0.702136 0.711761 -0.020016 111.746 -0.710036 0.70199 0.055307 -146.27 0.0534164 -0.024621 0.998269 11.8418
0.698877 0.715033 -0.0173032 112.371 -0.713286 0.698549 0.0570287 -146.89 0.0528645 -0.0275139 0.998223 11.9137
0.695535 0.718187 -0.0209466 112.998 -0.716518 0.695488 0.0538372 -147.542 0.0532333 -0.022437 0.99833 11.9559
0.692296 0.721271 -0.0222519 113.616 -0.719527 0.692309 0.0546683 -148.164 0.0548359 -0.0218357 0.998257 12.0237
0.688753 0.724462 -0.0278242 114.215 -0.722711 0.689121 0.0529303 -148.816 0.0575202 -0.016347 0.99821 12.071
0.684578 0.72843 -0.0272553 114.85 -0.726482 0.68486 0.0564901 -149.468 0.0598152 -0.0188714 0.998031 12.1503
0.680746 0.731907 -0.0299428 115.47 -0.730012 0.681229 0.0548664 -150.12 0.060555 -0.0154916 0.998045 12.1917
0.676614 0.73579 -0.0283944 116.086 -0.733864 0.676998 0.0558438 -150.795 0.0603123 -0.0169471 0.998036 12.2541
0.671974 0.740002 -0.0291217 116.69 -0.738094 0.672421 0.055385 -151.442 0.060567 -0.0157227 0.99804 12.3117
0.66617 0.745266 -0.028211 117.301 -0.743277 0.66655 0.0570082 -152.122 0.0612903 -0.0170086 0.997975 12.3623
0.659999 0.750758 -0.027614 117.921 -0.748336 0.660224 0.0640078 -152.773 0.0662859 -0.0215805 0.997567 12.4432
0.653756 0.756168 -0.0285134 118.524 -0.753347 0.653939 0.0695141 -153.465 0.0712103 -0.0239647 0.997173 12.5057
0.647582 0.761618 -0.0239856 119.129 -0.758458 0.647286 0.075907 -154.141 0.0733376 -0.030964 0.996826 12.5997
0.640908 0.767303 -0.0220019 119.703 -0.764796 0.640745 0.0673242 -154.83 0.0657556 -0.0263216 0.997489 12.6545
0.634558 0.772766 -0.0129572 120.308 -0.770795 0.633991 0.0626913 -155.555 0.0566605 -0.0297939 0.997949 12.6866
0.627623 0.778445 -0.0106342 120.915 -0.77687 0.627125 0.0564662 -156.267 0.0506248 -0.0271782 0.998348 12.7619
0.620444 0.784243 -0.00342689 121.494 -0.782778 0.61954 0.0585559 -156.989 0.0480451 -0.0336481 0.998278 12.7977
0.613018 0.790059 -0.00385817 122.063 -0.788497 0.612099 0.0600636 -157.727 0.0498154 -0.0337779 0.998187 12.8661
0.605767 0.79554 -0.0127628 122.626 -0.79372 0.60534 0.0597687 -158.455 0.0552742 -0.0260759 0.998131 12.8954
0.598486 0.801004 -0.0143591 123.197 -0.798567 0.597907 0.0692659 -159.203 0.0640677 -0.0299881 0.997495 12.998
0.591082 0.806364 -0.0199726 123.748 -0.803712 0.590874 0.0701108 -159.933 0.0683362 -0.025389 0.997339 13.0622
0.583649 0.811747 -0.0205107 124.297 -0.809356 0.583597 0.0660091 -160.704 0.0655527 -0.0219257 0.997608 13.1104
0.576575 0.816731 -0.0226243 124.854 -0.81471 0.576799 0.0595841 -161.48 0.0617138 -0.0159224 0.997967 13.1672
0.568969 0.822102 -0.0205416 125.379 -0.820154 0.569094 0.0589773 -162.235 0.0601755 -0.016709 0.998048 13.2427
0.56217 0.826755 -0.0210185 125.88 -0.824786 0.562337 0.0592089 -162.996 0.0607708 -0.0159497 0.998024 13.291
0.556186 0.830775 -0.0217038 126.418 -0.828833 0.556417 0.0586145 -163.739 0.0607718 -0.0146118 0.998045 13.377
0.550627 0.834373 -0.0251176 126.907 -0.832808 0.551148 0.0516397 -164.493 0.0569303 -0.00751605 0.99835 13.4253
0.546045 0.83741 -0.0240918 127.405 -0.835984 0.546534 0.0493109 -165.272 0.0544604 -0.00678562 0.998493 13.4799
0.541743 0.840258 -0.0219426 127.893 -0.838928 0.542135 0.0478377 -165.999 0.0520919 -0.00750746 0.998614 13.5227
0.536579 0.843582 -0.021277 128.362 -0.842182 0.536933 0.0493169 -166.754 0.0530272 -0.00854336 0.998557 13.6087
0.533141 0.845662 -0.0248381 128.837 -0.844101 0.533678 0.0517729 -167.455 0.0570379 -0.0066364 0.99835 13.6544
0.529501 0.847884 -0.026866 129.301 -0.845949 0.530124 0.0577754 -168.17 0.0632291 -0.00786487 0.997968 13.7257
0.526103 0.850106 -0.0231321 129.776 -0.847984 0.526459 0.0613597 -168.916 0.0643404 -0.0126659 0.997848 13.7987
0.523618 0.85166 -0.0223573 130.207 -0.849872 0.523992 0.0561308 -169.647 0.0595193 -0.0103903 0.998173 13.8408
0.52147 0.852995 -0.0216469 130.652 -0.851635 0.521873 0.0486543 -170.364 0.0527989 -0.00693651 0.998581 13.8846
0.519104 0.85434 -0.0251706 131.078 -0.853293 0.519714 0.0422887 -171.071 0.0492105 -0.000474316 0.998788 13.9393
0.516412 0.855886 -0.0278931 131.493 -0.854897 0.517158 0.0412058 -171.788 0.0496926 0.00256663 0.998761 14.0007
0.514112 0.857153 -0.0312608 131.942 -0.856071 0.515042 0.043285 -172.471 0.0532025 0.00450814 0.998574 14.0553
0.511802 0.858451 -0.0334805 132.349 -0.856995 0.512886 0.050072 -173.156 0.060156 0.00306569 0.998184 14.1029
0.509449 0.85985 -0.03345 132.753 -0.85783 0.510544 0.058923 -173.842 0.0677427 -0.00132382 0.997702 14.1767
0.507014 0.861137 -0.0371425 133.13 -0.859014 0.508371 0.0604412 -174.496 0.0709304 0.00126143 0.99748 14.2532
0.504707 0.862616 -0.0341274 133.544 -0.860914 0.505855 0.0542029 -175.182 0.0640198 0.00202412 0.997947 14.301
0.501915 0.864615 -0.0228444 133.954 -0.863349 0.50242 0.0469306 -175.831 0.0520543 -0.00383249 0.998637 14.3271
0.49959 0.866144 -0.0142718 134.366 -0.865126 0.499711 0.0429771 -176.5 0.0443561 -0.00912403 0.998974 14.3646
0.49711 0.867611 -0.0114981 134.752 -0.866547 0.497092 0.0446607 -177.159 0.0444637 -0.0122377 0.998936 14.4305
0.49467 0.86896 -0.0144942 135.125 -0.867744 0.494765 0.0472022 -177.797 0.048188 -0.0107722 0.99878 14.4936
0.492093 0.870404 -0.0155145 135.478 -0.869061 0.492217 0.0495556 -178.428 0.0507699 -0.0109029 0.998651 14.5353
0.489693 0.871724 -0.0172569 135.841 -0.870452 0.489925 0.0478221 -179.065 0.0501422 -0.00839685 0.998707 14.5684
0.487133 0.87319 -0.0154821 136.158 -0.871966 0.487287 0.0471796 -179.699 0.048741 -0.00948288 0.998766 14.6074
0.484541 0.874635 -0.0152622 136.524 -0.873442 0.484693 0.0465911 -180.312 0.0481477 -0.00924467 0.998797 14.6535
0.481709 0.87617 -0.0167961 136.875 -0.874962 0.481939 0.0466579 -180.919 0.048975 -0.00777956 0.99877 14.7001
0.478227 0.878071 -0.0170465 137.213 -0.876759 0.478458 0.0487044 -181.549 0.050922 -0.00834607 0.998668 14.7421
0.473443 0.880634 -0.0183248 137.546 -0.879217 0.473733 0.0505414 -182.128 0.0531895 -0.00781703 0.998554 14.7852
0.46895 0.883014 -0.0192929 137.842 -0.881511 0.469288 0.0520328 -182.736 0.0549996 -0.0073939 0.998459 14.8259
0.464069 0.885576 -0.0198827 138.167 -0.883918 0.464429 0.0547194 -183.315 0.0576922 -0.00781888 0.998304 14.864
0.458253 0.888545 -0.022162 138.484 -0.886708 0.45874 0.0575061 -183.891 0.0612633 -0.00670115 0.998099 14.9192
0.451966 0.891698 -0.0245256 138.781 -0.889683 0.452599 0.0601549 -184.501 0.0647403 -0.00536797 0.997888 14.9669
0.44513 0.895154 -0.0236196 139.063 -0.893013 0.445707 0.0622285 -185.093 0.0662315 -0.00660711 0.997782 15.0176
0.438923 0.898303 -0.0199741 139.39 -0.896075 0.439258 0.0640435 -185.706 0.0663042 -0.0102119 0.997747 15.0606
0.432236 0.901606 -0.0167146 139.693 -0.899341 0.432359 0.0652004 -186.329 0.0660117 -0.0131499 0.997732 15.1002
0.425953 0.904601 -0.01614 140.001 -0.902287 0.426043 0.06607 -186.933 0.0666434 -0.0135798 0.997684 15.1617
0.41914 0.907779 -0.0161145 140.29 -0.905283 0.419208 0.0687579 -187.554 0.0691723 -0.014231 0.997503 15.2076
0.411852 0.911152 -0.0134243 140.571 -0.908327 0.411665 0.07398 -188.153 0.0729333 -0.0182752 0.997169 15.262
0.404033 0.914659 -0.0125101 140.871 -0.911588 0.403736 0.0774922 -188.817 0.0759297 -0.0199053 0.996914 15.3144
0.396575 0.917929 -0.0116112 141.16 -0.914693 0.396186 0.0798345 -189.471 0.0778826 -0.0210396 0.996741 15.3623
0.389215 0.921078 -0.0112835 141.452 -0.917656 0.388777 0.0822167 -190.137 0.0801147 -0.0216457 0.996551 15.4279
0.381804 0.924188 -0.0101122 141.734 -0.920591 0.381244 0.0846528 -190.812 0.0820904 -0.0230116 0.996359 15.4828
0.374277 0.927234 -0.0124185 142.007 -0.923554 0.37393 0.0849941 -191.478 0.0834531 -0.0203422 0.996304 15.5512
0.366675 0.930257 -0.0131051 142.272 -0.926609 0.366427 0.0844222 -192.164 0.0833364 -0.0188122 0.996344 15.6084
0.359312 0.933126 -0.013073 142.558 -0.929711 0.35914 0.0815853 -192.889 0.0808244 -0.0171605 0.996581 15.6737
0.352051 0.935919 -0.0107786 142.836 -0.93276 0.351771 0.0788381 -193.62 0.0775777 -0.0177012 0.996829 15.7354
0.345354 0.938421 -0.0098558 143.119 -0.935546 0.345087 0.0752943 -194.35 0.0740589 -0.0167827 0.997113 15.7832
0.339258 0.94063 -0.0109342 143.386 -0.938061 0.339155 0.0708242 -195.097 0.0703278 -0.0137708 0.997429 15.8716
0.334168 0.942469 -0.00918441 143.655 -0.940293 0.334033 0.0653481 -195.857 0.0646564 -0.0132012 0.99782 15.9139
0.328281 0.944547 -0.00787621 143.915 -0.942707 0.328144 0.0602156 -196.635 0.059461 -0.0123427 0.998154 15.9444
0.323305 0.946213 -0.0124078 144.191 -0.944362 0.323454 0.0596493 -197.42 0.0604543 -0.00756745 0.998142 16.0078
0.317875 0.947974 -0.0173653 144.445 -0.945623 0.318312 0.0668928 -198.22 0.0689402 -0.00484248 0.997609 16.0687
0.31253 0.949589 -0.0246076 144.729 -0.94642 0.313496 0.077525 -199.012 0.0813313 -0.000939752 0.996687 16.1502
0.308137 0.950822 -0.0314446 144.972 -0.947097 0.309714 0.0841711 -199.804 0.0897706 0.00384481 0.995955 16.229
0.303236 0.952166 -0.0377745 145.252 -0.948817 0.305367 0.0806047 -200.65 0.0882842 0.0113988 0.99603 16.2836
0.298677 0.953452 -0.0414968 145.512 -0.950846 0.301023 0.0726443 -201.494 0.0817543 0.0177599 0.996494 16.3538
0.2935 0.954966 -0.0435633 145.759 -0.952837 0.295918 0.0673347 -202.329 0.0771935 0.021746 0.996779 16.4061
0.289127 0.95639 -0.0415244 146.018 -0.953852 0.29149 0.0721122 -203.182 0.0810713 0.0187585 0.996532 16.5035
0.284506 0.957947 -0.0373283 146.288 -0.954488 0.286684 0.0822504 -204.036 0.089493 0.0122287 0.995912 16.5933
0.279757 0.95948 -0.0336811 146.561 -0.955744 0.281652 0.0850088 -204.898 0.0910505 0.00840869 0.995811 16.6904
0.274368 0.961159 -0.029914 146.816 -0.957735 0.275921 0.0813089 -205.772 0.0864047 0.0063411 0.99624 16.7404
0.269241 0.962711 -0.0263797 147.071 -0.959536 0.270497 0.0782434 -206.653 0.0824614 0.00424595 0.996585 16.8065
0.263619 0.964304 -0.0249598 147.336 -0.961084 0.264779 0.0788064 -207.529 0.0826022 0.00321361 0.996577 16.8947
0.258793 0.965668 -0.0226005 147.595 -0.962099 0.259778 0.082948 -208.44 0.0859714 0.000277511 0.996298 16.9967
0.253654 0.966943 -0.0261135 147.825 -0.963383 0.254961 0.0829911 -209.339 0.0869056 0.00410636 0.996208 17.0692
0.249405 0.967946 -0.0296179 148.076 -0.96448 0.251029 0.0822331 -210.241 0.0870321 0.00805646 0.996173 17.1607
0.245537 0.968885 -0.0312094 148.308 -0.965528 0.247303 0.0812169 -211.173 0.0864079 0.0101918 0.996208 17.2307
0.241718 0.969782 -0.0330787 148.54 -0.966537 0.243647 0.0802601 -212.095 0.0858944 0.0125715 0.996225 17.3172
0.23851 0.970579 -0.0330104 148.758 -0.967436 0.240429 0.0791288 -213.034 0.0847374 0.0130624 0.996318 17.4151
0.236494 0.971168 -0.0300587 148.993 -0.968068 0.238161 0.0782579 -213.958 0.0831604 0.0105914 0.99648 17.4996
0.233553 0.97189 -0.0297214 149.236 -0.96898 0.235176 0.0759581 -214.89 0.0808127 0.0110592 0.996668 17.5807
0.230944 0.972594 -0.0269541 149.448 -0.969652 0.232353 0.076066 -215.84 0.0802442 0.00856911 0.996738 17.6502
0.229784 0.972933 -0.0245057 149.677 -0.969783 0.231015 0.0784408 -216.715 0.0819788 0.00574079 0.996618 17.7446
0.227304 0.973533 -0.0238105 149.95 -0.970268 0.228494 0.0798192 -217.736 0.0831472 0.00495927 0.996525 17.8291
0.225636 0.973896 -0.0248134 150.14 -0.97065 0.226915 0.079681 -218.643 0.0832315 0.0061062 0.996512 17.9084
0.224374 0.974213 -0.0238007 150.358 -0.971064 0.225565 0.0784559 -219.565 0.0818013 0.00550855 0.996633 18.0195
0.223144 0.974488 -0.0240921 150.577 -0.971619 0.224342 0.0750142 -220.494 0.0785053 0.00666937 0.996891 18.0642
0.221161 0.974886 -0.0261761 150.794 -0.97233 0.222493 0.0712064 -221.46 0.0752421 0.00970368 0.997118 18.1785
0.219727 0.975223 -0.0256909 150.994 -0.972438 0.221053 0.0741667 -222.357 0.0780081 0.00868641 0.996915 18.2265
0.217918 0.975664 -0.024302 151.237 -0.972449 0.219178 0.0794033 -223.297 0.0827974 0.006329 0.996546 18.337
0.2156 0.97612 -0.0265864 151.42 -0.972619 0.217087 0.0829764 -224.21 0.0867664 0.00796876 0.996197 18.4148
0.213553 0.976631 -0.0242382 151.631 -0.973076 0.214847 0.0834461 -225.123 0.0867035 0.00576544 0.996217 18.5067
0.210433 0.977344 -0.0227259 151.867 -0.974029 0.211594 0.0806014 -226.117 0.083584 0.00517446 0.996487 18.5971
0.20789 0.977927 -0.0209886 152.059 -0.975112 0.208887 0.0743217 -227.006 0.0770654 0.00501545 0.997013 18.661
0.203961 0.978744 -0.0214495 152.26 -0.976257 0.204978 0.0700455 -227.941 0.0729533 0.00665365 0.997313 18.7534
0.200513 0.979497 -0.0194862 152.47 -0.976988 0.201397 0.0702482 -228.852 0.0727324 0.00495211 0.997339 18.8302
0.195908 0.980445 -0.0186578 152.673 -0.977798 0.196751 0.0721069 -229.817 0.0743678 0.00411724 0.997222 18.9188
0.192122 0.981185 -0.0191193 152.839 -0.978533 0.193011 0.0722506 -230.711 0.0745815 0.00482787 0.997203 18.9856
0.188298 0.981936 -0.0185932 153.036 -0.979309 0.189156 0.0719303 -231.647 0.0741479 0.00466421 0.997236 19.0627
0.183575 0.982821 -0.0190583 153.204 -0.980295 0.184473 0.0706508 -232.579 0.0729528 0.00571301 0.997319 19.1368
0.179649 0.983567 -0.0179434 153.371 -0.981058 0.180475 0.0703855 -233.476 0.0724672 0.00495883 0.997358 19.2099
0.175346 0.984371 -0.0163497 153.53 -0.981838 0.176069 0.0706692 -234.395 0.0724434 0.00366116 0.997366 19.2855
0.171419 0.98511 -0.0132139 153.695 -0.9825 0.171926 0.0716573 -235.336 0.0728622 0.000699194 0.997342 19.3637
0.167672 0.98578 -0.0110901 153.866 -0.983197 0.168035 0.0713311 -236.257 0.0721803 -0.00105645 0.997391 19.4367
0.164068 0.986427 -0.00665212 154.019 -0.983823 0.164119 0.0718129 -237.158 0.0719299 -0.00523766 0.997396 19.5002
0.160529 0.98703 -0.00166354 154.196 -0.984142 0.160188 0.0761821 -238.095 0.0754605 -0.0105923 0.997093 19.5887
0.157456 0.987526 0.000673834 154.354 -0.98426 0.15688 0.0813731 -239.001 0.0802523 -0.0134759 0.996683 19.6661
0.153885 0.988085 0.002687 154.496 -0.984656 0.153123 0.0836982 -239.901 0.0822895 -0.0155257 0.996488 19.7488
0.150663 0.988575 0.00440931 154.661 -0.985352 0.149809 0.0814852 -240.838 0.0798937 -0.0166215 0.996665 19.8253
0.147173 0.989101 0.00435787 154.808 -0.986192 0.146399 0.0774171 -241.75 0.0759353 -0.0156914 0.996989 19.9058
0.144261 0.989527 0.00507516 154.941 -0.986822 0.143483 0.0747929 -242.662 0.0732813 -0.015798 0.997186 19.9763
0.140371 0.990092 0.00370178 155.071 -0.987498 0.139731 0.0729561 -243.598 0.071716 -0.0138965 0.997328 20.0643
0.13715 0.990544 0.00364779 155.207 -0.987931 0.136519 0.0731821 -244.479 0.0719921 -0.0136407 0.997312 20.1393
0.132885 0.991123 0.00417222 155.338 -0.9884 0.132205 0.0747543 -245.403 0.0735391 -0.0140575 0.997193 20.1987
0.128665 0.991674 0.00524179 155.474 -0.988759 0.127877 0.0774771 -246.304 0.0761617 -0.0151515 0.99698 20.2911
0.122778 0.992429 -0.00316234 155.562 -0.989699 0.122675 0.0738014 -247.2 0.0736306 -0.00593143 0.997268 20.3538
0.118042 0.992996 -0.00496959 155.678 -0.990711 0.118108 0.0673911 -248.14 0.067506 -0.00303158 0.997714 20.4224
0.112904 0.993598 -0.00394792 155.79 -0.991253 0.11291 0.0683263 -249.018 0.0683347 -0.00380096 0.997655 20.4887
0.108076 0.994118 -0.00703921 155.875 -0.990908 0.108292 0.0798363 -249.907 0.080129 -0.00165315 0.996783 20.5811
0.10305 0.99464 -0.00843721 155.994 -0.990252 0.103387 0.0933399 -250.806 0.0937119 -0.00126367 0.995599 20.6489
0.0969822 0.995262 -0.00695458 156.078 -0.990481 0.0971974 0.0974633 -251.679 0.0976775 -0.00256383 0.995215 20.7439
0.0921975 0.995739 -0.00189676 156.164 -0.991463 0.0919776 0.0924179 -252.558 0.0921985 -0.00664013 0.995719 20.818
0.0867745 0.996228 0.000918743 156.278 -0.992582 0.0863781 0.0855524 -253.473 0.0851503 -0.00833569 0.996333 20.9102
0.0822323 0.996606 0.00367835 156.359 -0.993344 0.0816633 0.08123 -254.369 0.0806539 -0.0103336 0.996689 20.981
0.0761074 0.997065 0.00830959 156.43 -0.993905 0.0751944 0.0806115 -255.234 0.0797501 -0.0143941 0.996711 21.0701
0.0689977 0.997532 0.0129708 156.499 -0.994595 0.0677716 0.0786667 -256.14 0.0775935 -0.0183285 0.996817 21.1483
0.0619178 0.997918 0.0180645 156.569 -0.995396 0.0604144 0.0744071 -256.997 0.0731608 -0.0225884 0.997064 21.2186
0.0548979 0.998295 0.0198095 156.635 -0.996081 0.0533766 0.0705266 -257.902 0.0693491 -0.0236037 0.997313 21.2813
0.0479415 0.998719 0.0162093 156.679 -0.9963 0.046654 0.0721755 -258.782 0.0713268 -0.0196096 0.99726 21.3669
0.0415227 0.999018 0.0154641 156.718 -0.996309 0.0402364 0.0758231 -259.636 0.0751265 -0.0185554 0.997001 21.432
0.0351853 0.99929 0.0134652 156.763 -0.996351 0.0340271 0.0782768 -260.516 0.077763 -0.0161702 0.996841 21.5098
0.0283184 0.999507 0.0135503 156.79 -0.996687 0.0271994 0.0766525 -261.414 0.0762461 -0.0156761 0.996966 21.5848
0.0220786 0.999636 0.0154737 156.803 -0.997076 0.0208843 0.0735042 -262.236 0.0731544 -0.0170513 0.997175 21.6443
0.0158142 0.999799 0.0123218 156.812 -0.997261 0.0148812 0.0724467 -263.12 0.0722487 -0.0134338 0.997296 21.7162
0.0105234 0.999895 0.00997191 156.847 -0.997182 0.00975296 0.0743849 -264.022 0.0742798 -0.0107266 0.99718 21.791
0.0060871 0.999908 0.012093 156.858 -0.996922 0.00512277 0.0782329 -264.87 0.0781638 -0.012532 0.996862 21.8664
0.00216109 0.99995 0.00977122 156.863 -0.996824 0.00137625 0.0796259 -265.723 0.0796085 -0.00991226 0.996777 21.9363
-0.000617485 0.99999 0.0045188 156.854 -0.996906 -0.00097077 0.0786017 -266.61 0.0786052 -0.00445628 0.996896 22.0145
-0.00285282 0.999993 0.00225619 156.867 -0.9971 -0.00301613 0.0760433 -267.464 0.0760496 -0.00203271 0.997102 22.0791
-0.00465568 0.999989 0.000551135 156.845 -0.997214 -0.00468379 0.0744449 -268.337 0.0744467 -0.000203008 0.997225 22.1561
-0.00683333 0.999975 -0.00179151 156.841 -0.997292 -0.00668378 0.0732389 -269.208 0.0732251 0.00228712 0.997313 22.2208
-0.00778913 0.999964 -0.00331298 156.853 -0.997175 -0.00751982 0.0747299 -270.062 0.0747024 0.0038857 0.997198 22.2997
-0.008619 0.99995 -0.00506633 156.818 -0.99707 -0.00820885 0.0760518 -270.905 0.0760064 0.00570697 0.997091 22.3651
-0.00812725 0.999931 -0.0085066 156.827 -0.996939 -0.00744082 0.0778291 -271.776 0.0777604 0.0091131 0.99693 22.4438
-0.00780416 0.999915 -0.0104261 156.808 -0.996874 -0.0069598 0.0787011 -272.593 0.0786218 0.0110077 0.996844 22.5109
-0.00642609 0.999905 -0.0122249 156.813 -0.996869 -0.0054422 0.0788796 -273.442 0.0788055 0.0126935 0.996809 22.5862
-0.00480616 0.999886 -0.0143437 156.817 -0.996866 -0.003658 0.0790256 -274.271 0.0789641 0.0146786 0.996769 22.6613
-0.00249107 0.999878 -0.0154198 156.808 -0.996951 -0.00128058 0.0780201 -275.094 0.0779908 0.0155671 0.996833 22.7324
-0.000379565 0.999865 -0.0164103 156.791 -0.997112 0.000867949 0.075946 -275.881 0.07595 0.0163918 0.996977 22.7988
0.00305475 0.999851 -0.016978 156.813 -0.997335 0.00428382 0.072834 -276.736 0.0728959 0.0167103 0.9972 22.8734
0.00644016 0.999847 -0.0162486 156.815 -0.99753 0.0075602 0.0698396 -277.51 0.0699517 0.0157587 0.997426 22.945
0.0104545 0.999824 -0.0155768 156.813 -0.997646 0.011485 0.0676027 -278.3 0.0677697 0.0148334 0.997591 23.0094
0.0147325 0.999838 -0.0103813 156.866 -0.997587 0.0154022 0.067694 -279.078 0.0678429 0.00935893 0.997652 23.0729
0.0182921 0.999798 -0.00837197 156.867 -0.997444 0.0188263 0.0689293 -279.817 0.0690729 0.00708971 0.997586 23.1303
0.0225111 0.999721 -0.00716205 156.898 -0.9973 0.0229563 0.0697528 -280.553 0.0698977 0.00557249 0.997539 23.1911
0.0259843 0.999628 -0.00831988 156.918 -0.997402 0.026484 0.0669849 -281.321 0.0671803 0.00655771 0.997719 23.2504
0.0296301 0.999541 -0.00627777 156.965 -0.997506 0.0299711 0.063903 -282.054 0.0640618 0.00436866 0.997936 23.3072
0.0333499 0.999436 -0.00385263 156.994 -0.997514 0.0335247 0.0619898 -282.772 0.062084 0.0017757 0.998069 23.3644
0.0372754 0.999292 -0.0051654 157.021 -0.997315 0.0375267 0.0628922 -283.46 0.0630415 0.0028072 0.998007 23.4179
0.0414643 0.999127 -0.00505053 157.056 -0.997057 0.0417036 0.0643211 -284.133 0.0644756 0.00236864 0.997916 23.4679
0.0447334 0.998985 -0.0052017 157.086 -0.996784 0.0449802 0.0663281 -284.81 0.0664947 0.00221789 0.997784 23.5159
0.0479385 0.998842 -0.00398128 157.106 -0.996454 0.048099 0.0690326 -285.471 0.0691442 0.000657847 0.997606 23.5857
0.0513813 0.998678 -0.00161437 157.159 -0.996264 0.0513694 0.0694215 -286.114 0.0694126 -0.00195863 0.997586 23.6253
0.0544743 0.998515 0.000881776 157.203 -0.996064 0.0542787 0.0700764 -286.729 0.0699245 -0.00469567 0.997541 23.6831
0.0579681 0.998316 0.00209125 157.242 -0.995809 0.0576739 0.0709768 -287.356 0.0707367 -0.00619688 0.997476 23.716
0.0614793 0.998104 0.00280028 157.287 -0.995685 0.0611345 0.0698096 -287.978 0.069506 -0.00708004 0.997556 23.7842
0.0648328 0.997893 0.00247986 157.34 -0.995374 0.0644922 0.0712114 -288.548 0.0709014 -0.00708523 0.997458 23.8193
0.0677649 0.997676 0.00710075 157.393 -0.994982 0.0670533 0.0742664 -289.141 0.0736176 -0.0120978 0.997213 23.8832
0.0702837 0.997502 0.00709815 157.435 -0.994799 0.0695639 0.0743983 -289.711 0.0737186 -0.0122902 0.997203 23.9196
0.072947 0.997299 0.00860829 157.484 -0.99466 0.0721166 0.0738328 -290.234 0.0730125 -0.0139482 0.997233 23.9742
0.0767366 0.997003 0.00979448 157.52 -0.994393 0.0758114 0.0737235 -290.819 0.07276 -0.0153969 0.997231 24.016
0.0792662 0.996812 0.00914652 157.579 -0.994176 0.078378 0.0739607 -291.351 0.073008 -0.0149558 0.997219 24.0688
0.0820937 0.99657 0.0104694 157.626 -0.993868 0.0810814 0.075178 -291.884 0.0740712 -0.0165769 0.997115 24.1056
0.0847636 0.996347 0.0104163 157.68 -0.993577 0.0837322 0.0761146 -292.419 0.0749643 -0.0168011 0.997045 24.1538
0.0873998 0.996128 0.00951312 157.724 -0.993251 0.0864085 0.0773642 -292.897 0.0762426 -0.0162105 0.996958 24.1955
0.0899128 0.995898 0.0101296 157.778 -0.992896 0.0888367 0.0791495 -293.403 0.0779249 -0.0171742 0.996811 24.2351
0.0911283 0.995776 0.0112536 157.82 -0.992704 0.0899396 0.0803124 -293.906 0.078961 -0.0184903 0.996706 24.2777
0.0926204 0.995634 0.0116302 157.878 -0.992442 0.0913664 0.081926 -294.386 0.0805057 -0.0191304 0.996571 24.3215
0.0938711 0.995512 0.0119711 157.928 -0.992223 0.0925603 0.0832196 -294.882 0.0817381 -0.01969 0.996459 24.3649
0.0933328 0.99557 0.0113783 157.98 -0.992208 0.092058 0.0839596 -295.36 0.0825402 -0.0191258 0.996404 24.4119
0.0933582 0.995572 0.0109667 158.012 -0.992169 0.0921098 0.0843582 -295.84 0.0829745 -0.0187563 0.996375 24.4534
0.0928848 0.995586 0.0134253 158.07 -0.992274 0.091445 0.0838484 -296.353 0.0822507 -0.0211098 0.996388 24.49
0.0910173 0.995752 0.0138948 158.131 -0.99253 0.0895667 0.0828413 -296.878 0.0812449 -0.021331 0.996466 24.5394
0.0894325 0.995917 0.0122967 158.165 -0.992642 0.0881129 0.0830551 -297.346 0.0816325 -0.0196341 0.996469 24.5823
0.0869411 0.996163 0.010022 158.207 -0.992591 0.0857634 0.0860671 -297.874 0.0848774 -0.0174305 0.996239 24.6295
0.0852178 0.996355 0.00389707 158.256 -0.992364 0.0845252 0.0898256 -298.382 0.0891688 -0.0115221 0.99595 24.6832
0.0821235 0.996621 0.00123107 158.306 -0.992157 0.0816387 0.0946506 -298.89 0.0942303 -0.00899445 0.99551 24.7314
0.0796186 0.996824 0.00164003 158.346 -0.992047 0.0790759 0.0979298 -299.446 0.0974891 -0.00942402 0.995192 24.7712
0.0778794 0.996959 0.00270541 158.374 -0.99212 0.0772337 0.0986536 -299.992 0.0981447 -0.0103672 0.995118 24.8072
0.0758725 0.997117 -0.00125905 158.416 -0.992515 0.0756434 0.095872 -300.575 0.0956908 -0.00602442 0.995393 24.8694
0.0741967 0.997192 -0.0101494 158.456 -0.993095 0.0748115 0.0903599 -301.156 0.0908654 0.00337497 0.995857 24.942
0.0719759 0.997335 -0.0119611 158.498 -0.993354 0.0727582 0.0891851 -301.74 0.0898177 0.00546244 0.995943 25.0014
0.0690569 0.997581 -0.00789448 158.546 -0.993271 0.0694917 0.0926528 -302.343 0.0929773 0.00144304 0.995667 25.0518
0.066795 0.99776 -0.00379432 158.598 -0.993263 0.0668539 0.09465 -302.952 0.0946916 -0.00255339 0.995503 25.0971
0.0656185 0.997808 -0.00854767 158.63 -0.993442 0.0661304 0.0932761 -303.567 0.0936369 0.00237097 0.995604 25.1577
0.0640594 0.997855 -0.0134609 158.673 -0.993697 0.0650243 0.0913128 -304.18 0.0919922 0.00752665 0.995731 25.2147
0.0622872 0.997947 -0.0149232 158.705 -0.993821 0.0633921 0.091109 -304.842 0.0918679 0.00915604 0.995729 25.2859
0.0604345 0.998113 -0.0108638 158.76 -0.993841 0.0611815 0.0923974 -305.489 0.0928877 0.00521287 0.995663 25.3476
0.0580101 0.998275 -0.00899613 158.805 -0.993838 0.0586001 0.0940828 -306.138 0.0944477 0.00348294 0.995524 25.4012
0.0565693 0.998369 -0.00766498 158.854 -0.993596 0.0570477 0.0975289 -306.811 0.0978071 0.00209875 0.995203 25.4593
0.0545076 0.998478 -0.00835514 158.896 -0.993522 0.0550688 0.0994047 -307.482 0.0997136 0.0028827 0.995012 25.534
0.0534418 0.998554 -0.00588117 158.935 -0.993697 0.0537613 0.0983663 -308.206 0.0985402 0.000587224 0.995133 25.5983
0.0515205 0.998671 -0.00158136 158.987 -0.993913 0.0514293 0.0974312 -308.896 0.0973831 -0.00344797 0.995241 25.6718
0.0492941 0.998784 -0.000661964 159.007 -0.99391 0.0491189 0.0986407 -309.608 0.0985533 -0.00420447 0.995123 25.7289
0.0471231 0.998881 -0.00393424 159.06 -0.993531 0.0472774 0.103254 -310.326 0.103324 -0.000956842 0.994647 25.8201
0.0456795 0.998941 -0.00544018 159.08 -0.99295 0.0460005 0.10924 -311.059 0.109375 0.000411789 0.994 25.8977
0.044233 0.99901 -0.00482803 159.127 -0.992564 0.0444952 0.113302 -311.773 0.113405 -0.000219556 0.993549 25.9632
0.0433362 0.999022 -0.00872139 159.158 -0.992847 0.0440371 0.110976 -312.53 0.111252 0.00384971 0.993785 26.0449
0.0424087 0.999006 -0.013728 159.18 -0.993518 0.0436182 0.10497 -313.298 0.105464 0.00918738 0.994381 26.1402
0.040846 0.999015 -0.0173411 159.207 -0.993857 0.0424095 0.102222 -314.059 0.102857 0.0130592 0.99461 26.2253
0.0396799 0.999033 -0.0189205 159.241 -0.993812 0.0414245 0.103065 -314.835 0.103749 0.0147138 0.994495 26.3049
0.0387699 0.999064 -0.0192046 159.277 -0.993664 0.0405752 0.104815 -315.623 0.105496 0.0150193 0.994306 26.3826
0.0378613 0.999078 -0.0202588 159.304 -0.993578 0.0398006 0.105914 -316.398 0.106623 0.0161186 0.994169 26.4728
0.0379729 0.999064 -0.0207137 159.343 -0.99366 0.0399463 0.105087 -317.188 0.105816 0.0165919 0.994247 26.5526
0.0385793 0.999018 -0.0217736 159.366 -0.993833 0.0406277 0.103174 -317.991 0.103957 0.0176589 0.994425 26.6382
0.0396032 0.998966 -0.022339 159.397 -0.993913 0.0416832 0.101973 -318.804 0.102799 0.0181646 0.994536 26.7268
0.0410348 0.998899 -0.0227483 159.439 -0.993915 0.0431382 0.101355 -319.643 0.102224 0.0184508 0.99459 26.8198
0.0420888 0.998866 -0.0222639 159.473 -0.99401 0.044113 0.0999918 -320.466 0.100861 0.017922 0.994739 26.891
0.0442371 0.998747 -0.0233828 159.519 -0.994085 0.0463304 0.0982284 -321.301 0.0991887 0.0188991 0.994889 26.9843
0.0461408 0.998627 -0.0247993 159.578 -0.994116 0.0483397 0.0969398 -322.141 0.0980055 0.0201805 0.994981 27.0696
0.0477614 0.998524 -0.0258592 159.604 -0.994087 0.0500448 0.096367 -322.996 0.0975189 0.0211036 0.99501 27.1626
0.0494635 0.99842 -0.0266444 159.651 -0.993963 0.0518234 0.0967045 -323.867 0.0979326 0.0217002 0.994956 27.244
0.0527232 0.99819 -0.0289147 159.705 -0.993837 0.0552765 0.0960815 -324.708 0.097506 0.0236708 0.994953 27.3323
0.0552373 0.997996 -0.030875 159.737 -0.993812 0.0579375 0.0947649 -325.591 0.0963638 0.0254494 0.995021 27.4142
0.0582165 0.997771 -0.0326228 159.793 -0.993724 0.0610452 0.0937385 -326.48 0.095521 0.026961 0.995062 27.5085
0.0612244 0.997561 -0.0335179 159.853 -0.993477 0.0641416 0.0942791 -327.368 0.0961991 0.0275271 0.994981 27.596
0.0642074 0.997337 -0.0345986 159.925 -0.99321 0.0672354 0.0949435 -328.27 0.0970169 0.0282676 0.994881 27.6888
0.0671153 0.997156 -0.0342968 159.983 -0.992936 0.0701233 0.0957153 -329.142 0.097848 0.0276305 0.994818 27.7804
0.0699998 0.997035 -0.0319423 160.055 -0.992626 0.0727955 0.0969276 -330.05 0.0989655 0.0249219 0.994779 27.8639
0.0723329 0.996905 -0.0308069 160.122 -0.992346 0.0750331 0.0980823 -330.969 0.10009 0.0234765 0.994701 27.9646
0.0748593 0.996791 -0.028339 160.204 -0.992107 0.0773141 0.0987181 -331.865 0.100592 0.0207254 0.994712 28.0489
0.0771616 0.99663 -0.0278179 160.276 -0.992048 0.0795295 0.0975444 -332.772 0.099428 0.02007 0.994842 28.1431
0.078319 0.996528 -0.0282678 160.358 -0.992216 0.0806712 0.0948649 -333.717 0.0968159 0.020618 0.995089 28.2502
0.0801954 0.996358 -0.0289868 160.427 -0.992303 0.0825543 0.0922976 -334.626 0.0943544 0.0213618 0.995309 28.3393
0.080821 0.996287 -0.0296535 160.507 -0.99226 0.0832371 0.0921519 -335.531 0.0942781 0.0219761 0.995303 28.4219
0.0816039 0.996176 -0.0312229 160.587 -0.992066 0.0841936 0.0933666 -336.466 0.0956383 0.0233561 0.995142 28.5348
0.0822355 0.996158 -0.0301061 160.668 -0.992032 0.0847131 0.0932487 -337.388 0.0954408 0.0221978 0.995188 28.6123
0.0827313 0.996163 -0.0285326 160.758 -0.992133 0.0850283 0.0918814 -338.311 0.0939549 0.0207067 0.995361 28.7119
0.0827116 0.996223 -0.0264334 160.839 -0.9923 0.0847817 0.0902908 -339.237 0.0921909 0.0187618 0.995565 28.8059
0.0835256 0.996209 -0.0243148 160.936 -0.992187 0.0854081 0.090942 -340.152 0.0926739 0.0165289 0.995559 28.8962
0.083567 0.996219 -0.0237604 161.015 -0.992074 0.0854174 0.0921606 -341.069 0.0938417 0.0158705 0.995461 28.9852
0.0836099 0.996228 -0.0232276 161.082 -0.992046 0.0854148 0.0924649 -341.974 0.0941001 0.0153118 0.995445 29.0777
0.0841731 0.996198 -0.022461 161.177 -0.99195 0.0859117 0.0930257 -342.884 0.0946017 0.0144499 0.99541 29.1688
0.0842969 0.996189 -0.0223983 161.267 -0.991874 0.0860389 0.0937156 -343.795 0.0952856 0.0143164 0.995347 29.2677
0.0844445 0.996192 -0.0217146 161.325 -0.991903 0.0861156 0.0933417 -344.688 0.0948561 0.0136566 0.995397 29.352
0.0849059 0.996136 -0.0224371 161.408 -0.991946 0.08663 0.0924042 -345.6 0.093991 0.0144107 0.995469 29.4361
0.0853353 0.996108 -0.0220756 161.497 -0.991907 0.0870243 0.0924537 -346.495 0.094015 0.0140073 0.995472 29.5408
0.0853109 0.996106 -0.0222307 161.572 -0.991662 0.0870509 0.0950226 -347.398 0.0965878 0.0139389 0.995227 29.6207
0.0854748 0.996033 -0.0247591 161.654 -0.991519 0.0874767 0.0961135 -348.305 0.097898 0.0163338 0.995062 29.7282
0.0867998 0.995853 -0.0272391 161.726 -0.991665 0.0889834 0.0931764 -349.186 0.0952139 0.0189243 0.995277 29.7987
0.0884021 0.995639 -0.0298079 161.823 -0.991772 0.0907617 0.0902841 -350.119 0.0925958 0.0215813 0.99547 29.9048
0.0899274 0.995376 -0.0337607 161.893 -0.991479 0.0926801 0.091538 -350.978 0.0942436 0.0252413 0.995229 29.9881
0.0926188 0.994918 -0.0395008 161.972 -0.99069 0.0960553 0.0964668 -351.865 0.0997708 0.0301984 0.994552 30.0866
0.0958442 0.994467 -0.0430111 162.077 -0.989994 0.0997309 0.0998304 -352.755 0.103568 0.0330125 0.994074 30.1734
0.0991311 0.993984 -0.0465777 162.155 -0.989683 0.103352 0.0992253 -353.673 0.103442 0.0362608 0.993974 30.2762
0.101619 0.993647 -0.0483723 162.24 -0.989389 0.10602 0.0993446 -354.563 0.103842 0.0377638 0.993877 30.3632
0.104405 0.993324 -0.0490609 162.331 -0.988873 0.108941 0.101307 -355.445 0.105975 0.0379381 0.993645 30.4679
0.108437 0.992891 -0.0490768 162.437 -0.988427 0.112954 0.101261 -356.341 0.106085 0.0375283 0.993649 30.5688
0.112425 0.992479 -0.0484264 162.544 -0.988351 0.116722 0.0976588 -357.253 0.102577 0.0368831 0.994041 30.6677
0.117049 0.992012 -0.0470177 162.653 -0.988211 0.121044 0.0937366 -358.13 0.0986791 0.0354916 0.994486 30.7596
0.121742 0.991554 -0.0447251 162.766 -0.987784 0.125449 0.0924456 -359.057 0.0972755 0.0329241 0.994713 30.8569
0.127139 0.990946 -0.043154 162.891 -0.987172 0.130652 0.0917665 -359.939 0.0965738 0.0309333 0.994845 30.9544
0.131996 0.990355 -0.0421125 163.008 -0.986592 0.135371 0.0911621 -360.83 0.0959836 0.0295148 0.994945 31.0461
0.138869 0.989458 -0.0411017 163.133 -0.985643 0.14212 0.0911621 -361.714 0.0960424 0.027852 0.994987 31.1348
0.145757 0.988533 -0.0394656 163.275 -0.984528 0.148858 0.0924488 -362.603 0.0972634 0.0253799 0.994935 31.2281
0.154107 0.987292 -0.0387954 163.427 -0.983156 0.157129 0.0933559 -363.496 0.0982654 0.0237552 0.994877 31.3193
0.162972 0.985921 -0.037424 163.568 -0.981611 0.165847 0.0945225 -364.393 0.0993983 0.0213313 0.994819 31.4158
0.173091 0.984223 -0.0366757 163.755 -0.979825 0.175856 0.094961 -365.282 0.0999124 0.0194988 0.994805 31.5093
0.182057 0.982618 -0.0363006 163.917 -0.978166 0.184748 0.0951817 -366.15 0.100234 0.0181796 0.994798 31.6041
0.19177 0.980806 -0.0352638 164.095 -0.976319 0.194312 0.0950953 -367.052 0.100122 0.0161923 0.994843 31.6971
0.201019 0.978991 -0.0341792 164.272 -0.974442 0.203413 0.0953158 -367.975 0.100266 0.0141454 0.99486 31.797
0.208343 0.977494 -0.0331575 164.45 -0.972943 0.210597 0.0950349 -368.789 0.0998789 0.0124605 0.994922 31.8903
0.215788 0.975911 -0.0321527 164.673 -0.971348 0.217904 0.0948686 -369.693 0.0995895 0.01076 0.99497 31.987
0.222224 0.974482 -0.0316362 164.897 -0.969882 0.224261 0.0950601 -370.567 0.0997292 0.00955873 0.994969 32.0779
0.226977 0.973414 -0.0307679 165.091 -0.968724 0.22891 0.0957768 -371.442 0.100274 0.00806655 0.994927 32.1816
0.231899 0.972267 -0.030322 165.325 -0.967586 0.233763 0.0955605 -372.348 0.0999985 0.00717876 0.994962 32.2747
0.236654 0.971135 -0.0298482 165.549 -0.966444 0.238448 0.0955487 -373.236 0.0999079 0.00623458 0.994977 32.3746
0.240793 0.970108 -0.0301637 165.766 -0.965417 0.242597 0.0954861 -374.103 0.0999495 0.00612815 0.994974 32.4674
0.245444 0.96894 -0.0302158 165.986 -0.964214 0.247233 0.0957421 -374.996 0.100239 0.00563517 0.994947 32.5698
0.249775 0.96783 -0.0302917 166.233 -0.963113 0.251549 0.0955855 -375.885 0.10013 0.00529949 0.99496 32.6629
0.25417 0.966674 -0.030654 166.473 -0.962098 0.255951 0.0941056 -376.75 0.0988153 0.00557336 0.99509 32.7546
0.258681 0.96552 -0.0292327 166.697 -0.961036 0.260297 0.093037 -377.662 0.0974383 0.00402672 0.995233 32.8531
0.263609 0.964165 -0.0299229 166.956 -0.959922 0.265257 0.090484 -378.532 0.0951788 0.00487126 0.995448 32.951
0.267628 0.963068 -0.0295975 167.191 -0.959012 0.269218 0.0884133 -379.398 0.0931162 0.00472253 0.995644 33.0435
0.27279 0.961654 -0.0284184 167.457 -0.957736 0.274243 0.0867924 -380.265 0.0912578 0.00354123 0.995821 33.1278
0.277092 0.960394 -0.0293986 167.716 -0.956493 0.278616 0.0865666 -381.143 0.0913289 0.00413266 0.995812 33.2251
0.281247 0.959218 -0.0282904 167.959 -0.955002 0.282661 0.0898508 -381.976 0.0941832 0.00174717 0.995553 33.3113
0.285971 0.957853 -0.0271546 168.23 -0.953348 0.287257 0.0927918 -382.84 0.0966813 -0.000647967 0.995315 33.402
0.290158 0.956629 -0.0258827 168.503 -0.952046 0.2913 0.0935543 -383.708 0.0970364 -0.002504 0.995278 33.5016
0.293784 0.955587 -0.0233245 168.765 -0.951349 0.294678 0.0900054 -384.544 0.0928812 -0.00425238 0.995668 33.5832
0.296497 0.954839 -0.0192844 169.042 -0.950858 0.297026 0.0874337 -385.393 0.089213 -0.0075871 0.995984 33.6733
0.298229 0.954363 -0.015846 169.305 -0.950319 0.298435 0.0884928 -386.214 0.0891832 -0.0113323 0.995951 33.7584
0.299205 0.95409 -0.0137382 169.602 -0.949597 0.299145 0.0936937 -387.051 0.0935019 -0.014988 0.995506 33.8549
0.300083 0.953821 -0.0132795 169.852 -0.948886 0.2999 0.0983609 -387.859 0.0978012 -0.0169157 0.995062 33.935
0.30079 0.953617 -0.0118259 170.102 -0.948681 0.300457 0.0986367 -388.681 0.0976148 -0.01845 0.995053 34.0255
0.301169 0.953537 -0.00806218 170.389 -0.948999 0.300541 0.0952694 -389.502 0.0932659 -0.0210412 0.995419 34.1142
0.301729 0.953385 -0.00408886 170.656 -0.949301 0.300828 0.0912649 -390.313 0.0882407 -0.0236558 0.995818 34.1978
0.301644 0.953418 -0.00207161 170.929 -0.949562 0.300618 0.0892259 -391.133 0.0856924 -0.0249474 0.996009 34.2807
0.301092 0.953593 -0.00185598 171.186 -0.949768 0.300058 0.0889134 -391.939 0.0853442 -0.0250084 0.996038 34.3708
0.300658 0.95373 -0.00222604 171.44 -0.949848 0.299643 0.0894593 -392.736 0.085987 -0.0247822 0.995988 34.4465
0.300444 0.953796 -0.00249505 171.7 -0.949829 0.299431 0.090364 -393.529 0.0869359 -0.0247794 0.995906 34.5209
0.299442 0.954087 -0.00720142 171.946 -0.950273 0.298904 0.0873946 -394.336 0.0855346 -0.0193263 0.996148 34.5907
0.299602 0.954025 -0.00866542 172.203 -0.95034 0.299222 0.0855551 -395.149 0.0842146 -0.0173974 0.996296 34.6763
0.298785 0.954281 -0.00864697 172.454 -0.950478 0.298383 0.0869455 -395.937 0.0855505 -0.0177593 0.996176 34.7558
0.298483 0.954336 -0.0122361 172.715 -0.950092 0.298326 0.0912481 -396.727 0.0907318 -0.0156106 0.995753 34.8386
0.298414 0.954328 -0.0143846 172.975 -0.9496 0.298383 0.0960573 -397.53 0.0959623 -0.0150051 0.995272 34.9321
0.297913 0.954504 -0.0130819 173.215 -0.949864 0.297771 0.095348 -398.324 0.0949055 -0.0159794 0.995358 34.9863
0.297531 0.95463 -0.0124885 173.47 -0.950318 0.29739 0.0919541 -399.15 0.0914962 -0.0154912 0.995685 35.0803
0.297578 0.954627 -0.011586 173.736 -0.950362 0.29736 0.0915926 -399.96 0.090882 -0.016245 0.995729 35.1606
0.297423 0.954662 -0.0126193 174.002 -0.950264 0.29728 0.0928629 -400.78 0.0924042 -0.0156279 0.995599 35.2355
0.297229 0.954698 -0.014382 174.258 -0.949986 0.297207 0.0958852 -401.616 0.0958158 -0.0148372 0.995288 35.3319
0.297321 0.954652 -0.0155052 174.519 -0.949809 0.297389 0.0970686 -402.444 0.0972778 -0.0141336 0.995157 35.4132
0.297495 0.954599 -0.0154155 174.799 -0.949869 0.29757 0.0959174 -403.303 0.0961498 -0.0138922 0.99527 35.4965
0.298273 0.954351 -0.0157092 175.078 -0.949887 0.29841 0.0930877 -404.15 0.0935261 -0.0128436 0.995534 35.575
0.298115 0.954344 -0.0188266 175.342 -0.949919 0.298554 0.0923026 -405.01 0.0937092 -0.00963306 0.995553 35.6718
0.298659 0.954081 -0.0230847 175.624 -0.949601 0.299495 0.0925236 -405.878 0.0951887 -0.00571169 0.995443 35.7593
0.298659 0.953988 -0.0266205 175.88 -0.949541 0.299835 0.0920327 -406.732 0.0957798 -0.00220919 0.9954 35.8565
0.3 0.953482 -0.0295187 176.158 -0.949183 0.301448 0.0904487 -407.62 0.0951396 0.000884034 0.995464 35.9318
0.301292 0.952902 -0.034652 176.433 -0.948757 0.303217 0.0889962 -408.477 0.0953118 0.00606248 0.995429 36.0395
0.30214 0.952465 -0.0390086 176.697 -0.948529 0.304461 0.0871596 -409.332 0.0948931 0.0106663 0.99543 36.137
0.302608 0.952418 -0.0364467 176.989 -0.948671 0.304665 0.0848737 -410.208 0.0919393 0.00889252 0.995725 36.2205
0.303391 0.95231 -0.0325427 177.278 -0.948985 0.305058 0.0797878 -411.083 0.0859101 0.00667565 0.996281 36.2849
0.304336 0.952027 -0.0320145 177.561 -0.949041 0.305927 0.0756954 -411.954 0.0818582 0.00734626 0.996617 36.3854
0.30429 0.952011 -0.0329068 177.83 -0.948996 0.305958 0.0761303 -412.805 0.082545 0.0080627 0.996555 36.469
0.304921 0.951786 -0.0335549 178.121 -0.948513 0.306666 0.0792411 -413.662 0.0857107 0.00766499 0.996291 36.5489
0.305525 0.951541 -0.0349956 178.396 -0.948132 0.307406 0.0809163 -414.513 0.087753 0.00845844 0.996106 36.6449
0.306114 0.951275 -0.0370145 178.666 -0.94802 0.308155 0.0793629 -415.359 0.0869021 0.0107964 0.996158 36.7225
0.307005 0.950933 -0.0383905 178.944 -0.947942 0.309126 0.0764581 -416.216 0.0845741 0.012919 0.996333 36.8078
0.307692 0.950734 -0.037818 179.232 -0.947851 0.309745 0.0750695 -417.065 0.0830851 0.0127476 0.996461 36.8848
0.307253 0.950929 -0.0364777 179.503 -0.947994 0.309201 0.0755136 -417.893 0.083087 0.0113788 0.996477 36.974
0.306824 0.951084 -0.0360235 179.783 -0.948132 0.308738 0.0756801 -418.721 0.0830999 0.0109345 0.996481 37.0519
0.306912 0.951048 -0.0362386 180.034 -0.948203 0.308829 0.0743958 -419.498 0.0819455 0.0115286 0.99657 37.1279
0.305511 0.951499 -0.0362364 180.289 -0.948877 0.307399 0.0716797 -420.337 0.0793422 0.0124849 0.996769 37.2188
0.304728 0.951772 -0.0356413 180.539 -0.9493 0.306547 0.069706 -421.122 0.0772699 0.0125929 0.996931 37.2853
0.303681 0.952085 -0.0362231 180.797 -0.949655 0.305542 0.0692831 -421.905 0.077031 0.0133595 0.996939 37.3583
0.302103 0.952492 -0.0386434 181.036 -0.949999 0.304175 0.0705713 -422.68 0.0789729 0.0153914 0.996758 37.4366
0.301301 0.952699 -0.0397763 181.275 -0.949882 0.303533 0.0747826 -423.445 0.0833187 0.0152507 0.996406 37.5087
0.299353 0.953349 -0.0389065 181.525 -0.950033 0.301596 0.0804837 -424.193 0.0884631 0.0128694 0.995996 37.5838
0.297822 0.953842 -0.0385642 181.778 -0.950103 0.300096 0.0851233 -424.943 0.0927671 0.0112884 0.995624 37.6672
0.296824 0.954147 -0.0387202 182.038 -0.950325 0.299127 0.0860492 -425.682 0.0936858 0.0112553 0.995538 37.749
0.295573 0.95458 -0.0376045 182.273 -0.951084 0.297737 0.0824171 -426.427 0.08987 0.0114047 0.995888 37.8207
0.294403 0.954975 -0.0367279 182.505 -0.951876 0.296441 0.0778123 -427.19 0.0851965 0.0120522 0.996291 37.8766
0.293904 0.95509 -0.0377226 182.729 -0.95217 0.296002 0.0758672 -427.911 0.083626 0.0136206 0.996404 37.9595
0.292964 0.955317 -0.039269 182.956 -0.952385 0.295201 0.0762775 -428.651 0.0844614 0.0150527 0.996313 38.0369
0.292648 0.955403 -0.0395252 183.18 -0.952328 0.294934 0.0780128 -429.381 0.086191 0.0148106 0.996169 38.1072
0.292341 0.955444 -0.0407888 183.408 -0.952296 0.294753 0.0790802 -430.098 0.0875793 0.0157247 0.996033 38.1767
0.292414 0.955388 -0.0415601 183.637 -0.952226 0.294899 0.0793753 -430.831 0.0880902 0.0163641 0.995978 38.2491
0.291976 0.955424 -0.0437601 183.845 -0.952248 0.294668 0.0799624 -431.558 0.0892927 0.0183234 0.995837 38.3215
0.291481 0.955546 -0.0443986 184.07 -0.952262 0.294257 0.0813053 -432.292 0.0907555 0.0185802 0.9957 38.3984
0.292117 0.955378 -0.0438342 184.302 -0.95193 0.294869 0.0829565 -432.984 0.0921801 0.017494 0.995589 38.4757
0.29167 0.955483 -0.0445047 184.526 -0.952058 0.294483 0.0828524 -433.727 0.09227 0.0182055 0.995568 38.5521
0.292091 0.955348 -0.0446543 184.752 -0.952022 0.294897 0.0817862 -434.458 0.0913027 0.0186229 0.995649 38.618
0.292861 0.955113 -0.0446271 184.987 -0.951925 0.295633 0.0802486 -435.197 0.0898397 0.01898 0.995775 38.696
0.294256 0.954676 -0.0447988 185.205 -0.951613 0.297012 0.0788449 -435.921 0.0885771 0.0194305 0.99588 38.7691
0.295733 0.954214 -0.0449102 185.436 -0.951349 0.298449 0.0765774 -436.647 0.0864746 0.0200788 0.996052 38.8401
0.297447 0.953671 -0.045122 185.665 -0.950946 0.300143 0.0749408 -437.364 0.0850119 0.0206176 0.996167 38.9124
0.299332 0.953144 -0.0437862 185.898 -0.950329 0.301922 0.0756172 -438.065 0.0852941 0.0189766 0.996175 38.9878
0.301448 0.952539 -0.0424093 186.123 -0.949566 0.30394 0.0771049 -438.758 0.0863353 0.0170273 0.996121 39.0596
0.30312 0.952012 -0.0423197 186.348 -0.948981 0.30561 0.0777066 -439.429 0.0869109 0.0166061 0.996078 39.1313
0.305199 0.951372 -0.0417814 186.57 -0.94834 0.307632 0.0775537 -440.1 0.0866357 0.0159536 0.996112 39.1912
0.306541 0.951004 -0.0403095 186.781 -0.948017 0.308831 0.076725 -440.751 0.0854146 0.0146947 0.996237 39.2638
0.30764 0.95072 -0.0385843 186.994 -0.947792 0.309766 0.0757378 -441.43 0.0839576 0.01327 0.996381 39.3325
0.309082 0.95027 -0.0381489 187.22 -0.947377 0.31116 0.0752046 -442.074 0.0833351 0.012897 0.996438 39.3982
0.310258 0.949894 -0.0379788 187.436 -0.947002 0.312317 0.0751385 -442.704 0.083235 0.0126537 0.99645 39.4595
0.311026 0.949628 -0.038345 187.632 -0.946748 0.313112 0.0750264 -443.323 0.0832534 0.012968 0.996444 39.5225
0.312438 0.949138 -0.0389944 187.843 -0.946285 0.31457 0.0747684 -443.936 0.0832319 0.0135394 0.996438 39.5845
0.313398 0.948773 -0.040154 188.038 -0.945983 0.315616 0.074175 -444.532 0.0830484 0.0147388 0.996437 39.6433
0.3145 0.948407 -0.040167 188.232 -0.945599 0.316719 0.0743766 -445.137 0.0832609 0.0145904 0.996421 39.7063
0.315911 0.947958 -0.0397026 188.433 -0.945108 0.318092 0.074748 -445.706 0.083487 0.0139095 0.996412 39.7646
0.316832 0.947675 -0.0391143 188.616 -0.944786 0.318966 0.0751048 -446.271 0.0836511 0.0131591 0.996408 39.8227
0.31782 0.947344 -0.0391149 188.813 -0.944457 0.319951 0.0750516 -446.828 0.0836145 0.0130894 0.996412 39.8766
0.318848 0.947 -0.0390758 189.005 -0.944109 0.320972 0.075073 -447.381 0.0836364 0.012955 0.996412 39.9351
0.319828 0.946716 -0.0379256 189.193 -0.943835 0.321849 0.074753 -447.896 0.0829762 0.0118874 0.996481 39.9821
0.32036 0.946592 -0.0365111 189.391 -0.943748 0.322256 0.0740971 -448.455 0.0819056 0.0107195 0.996582 40.0413
0.321046 0.946394 -0.0356134 189.555 -0.943608 0.322858 0.073259 -448.965 0.0808299 0.0100856 0.996677 40.0876
0.321848 0.946094 -0.0363266 189.73 -0.943372 0.323708 0.0725442 -449.455 0.0803928 0.0109213 0.996703 40.1378
0.322244 0.945922 -0.0372978 189.891 -0.943144 0.32419 0.0733467 -449.955 0.0814718 0.0115417 0.996609 40.188
0.32285 0.945719 -0.0371875 190.072 -0.942701 0.324817 0.0762186 -450.426 0.0841605 0.0104495 0.996397 40.2342
0.323478 0.945525 -0.0366804 190.24 -0.942219 0.325431 0.0794876 -450.908 0.0870944 0.00884848 0.996161 40.2931
0.324451 0.945192 -0.0366659 190.402 -0.941701 0.326416 0.0815547 -451.375 0.0890532 0.00806786 0.995994 40.3349
0.325009 0.944921 -0.038654 190.559 -0.941395 0.327156 0.0821273 -451.816 0.0902496 0.00969659 0.995872 40.3835
0.325538 0.944686 -0.0399186 190.707 -0.941198 0.327794 0.0818336 -452.251 0.0903921 0.0109314 0.995846 40.4276
0.32503 0.944871 -0.0396702 190.861 -0.941505 0.327251 0.0804697 -452.677 0.0890156 0.0111946 0.995967 40.4708
0.324182 0.945244 -0.0376825 191.016 -0.94194 0.32622 0.0795626 -453.117 0.0874989 0.00970192 0.996117 40.5171
0.322928 0.945698 -0.0370518 191.156 -0.942456 0.324909 0.0788124 -453.53 0.0865712 0.00946893 0.996201 40.5631
0.321761 0.946107 -0.0367534 191.292 -0.942918 0.323714 0.0781999 -453.905 0.0858831 0.00949379 0.99626 40.6014
0.320536 0.946515 -0.0369668 191.426 -0.94339 0.322505 0.0774981 -454.289 0.0852751 0.0100332 0.996307 40.6428
0.31958 0.946856 -0.0364936 191.543 -0.943758 0.321508 0.0771611 -454.657 0.0847934 0.00978194 0.996351 40.6786
0.318254 0.94731 -0.0362895 191.664 -0.944287 0.320161 0.0762815 -455.007 0.0838808 0.00999078 0.996426 40.7127
0.317673 0.947503 -0.0363563 191.782 -0.944553 0.319578 0.0754298 -455.37 0.0830886 0.0103784 0.996488 40.7521
0.316649 0.947831 -0.0367343 191.895 -0.944963 0.318579 0.0745126 -455.705 0.0823281 0.0111182 0.996543 40.7926
0.315753 0.948154 -0.0361192 192.011 -0.945308 0.317632 0.0741847 -456.038 0.0818111 0.0107197 0.99659 40.8264
0.315028 0.948451 -0.034613 192.113 -0.94559 0.316786 0.0742003 -456.356 0.0813402 0.00935456 0.996642 40.8583
0.313918 0.948883 -0.0328181 192.207 -0.945999 0.315535 0.0743165 -456.639 0.0808729 0.00771656 0.996695 40.8872
0.312747 0.94925 -0.0333665 192.31 -0.946369 0.314412 0.0743758 -456.939 0.0810921 0.00831619 0.996672 40.9151
0.311638 0.949562 -0.034842 192.403 -0.946664 0.31343 0.0747604 -457.223 0.0819102 0.00968553 0.996593 40.9341
0.310884 0.949777 -0.0356995 192.493 -0.946794 0.312761 0.0759019 -457.506 0.0832553 0.0102034 0.996476 40.9679
0.310475 0.949903 -0.0359121 192.597 -0.94687 0.312377 0.0765291 -457.791 0.0839133 0.0102437 0.99642 40.9963
0.310317 0.949965 -0.0356328 192.685 -0.946973 0.312192 0.0760164 -458.066 0.0833372 0.010154 0.99647 41.0181
0.310504 0.949935 -0.0348092 192.77 -0.946968 0.312305 0.0756164 -458.331 0.0827017 0.00948396 0.996529 41.0443
0.311609 0.949609 -0.0337983 192.868 -0.946639 0.313322 0.0755179 -458.602 0.0823023 0.00846277 0.996571 41.0752
0.313174 0.949142 -0.0324181 192.956 -0.946156 0.314769 0.0755562 -458.873 0.0819178 0.00701039 0.996614 41.1011
0.31487 0.948636 -0.0307774 193.047 -0.945595 0.316329 0.0760712 -459.14 0.0818996 0.00515037 0.996627 41.128
0.317522 0.947752 -0.0307663 193.141 -0.944704 0.318971 0.0760989 -459.397 0.0819364 0.00490194 0.996626 41.1504
0.321498 0.946395 -0.0312199 193.242 -0.943323 0.322974 0.076359 -459.677 0.082349 0.00490118 0.996592 41.1801
0.326628 0.944586 -0.0327272 193.327 -0.941568 0.328207 0.0756984 -459.918 0.082245 0.00608966 0.996594 41.1981
0.334653 0.941808 -0.0317124 193.427 -0.938665 0.336128 0.0769835 -460.21 0.0831631 0.00400455 0.996528 41.2312
0.343796 0.938507 -0.0317538 193.548 -0.935295 0.345246 0.0776426 -460.491 0.083831 0.00300597 0.996475 41.2596
0.354124 0.934687 -0.0309263 193.663 -0.931326 0.355471 0.0791914 -460.767 0.0850126 0.000758839 0.99638 41.2844
0.365625 0.930174 -0.0331042 193.771 -0.926823 0.367116 0.0788963 -461.026 0.0855403 0.00183529 0.996333 41.3118
0.379467 0.92465 -0.032042 193.893 -0.921217 0.380817 0.0796104 -461.306 0.0858139 -0.000691874 0.996311 41.3336
0.39523 0.918052 -0.0312217 194.034 -0.914483 0.396446 0.0809373 -461.591 0.0866823 -0.00343715 0.99623 41.3628
0.412695 0.910377 -0.0299399 194.19 -0.906606 0.413718 0.0830889 -461.89 0.0880289 -0.00714668 0.996092 41.3904
0.431721 0.901493 -0.0304588 194.327 -0.897483 0.432688 0.0854671 -462.174 0.0902271 -0.00956169 0.995875 41.4187
0.450007 0.892437 -0.0323872 194.485 -0.888182 0.451044 0.087708 -462.436 0.092882 -0.0107035 0.99562 41.4483
0.469379 0.88234 -0.0340408 194.648 -0.877892 0.470458 0.0893028 -462.717 0.0948103 -0.0120327 0.995423 41.4837
0.489672 0.871339 -0.0314595 194.812 -0.866634 0.490355 0.0921793 -462.983 0.0957458 -0.0178737 0.995245 41.5192
0.504031 0.863187 -0.0293238 194.978 -0.858048 0.504326 0.0970012 -463.238 0.098519 -0.0237304 0.994852 41.539
0.510161 0.859705 -0.0253346 195.148 -0.854197 0.509892 0.101778 -463.474 0.100417 -0.0302827 0.994484 41.5745
0.50968 0.860044 -0.0234518 195.313 -0.854357 0.509149 0.104127 -463.726 0.101495 -0.0330354 0.994287 41.5965
0.505348 0.862632 -0.022149 195.45 -0.856905 0.504686 0.104908 -463.956 0.101675 -0.0340353 0.994235 41.6266
0.496164 0.86796 -0.0216199 195.593 -0.862219 0.495502 0.10515 -464.209 0.101979 -0.0335307 0.994221 41.6573
0.482908 0.875373 -0.0228475 195.7 -0.869646 0.482478 0.104549 -464.434 0.102542 -0.0306182 0.994257 41.682
0.467086 0.883838 -0.0256968 195.843 -0.878134 0.467081 0.10352 -464.687 0.103498 -0.0257876 0.994295 41.7182
0.451048 0.892061 -0.0279813 195.9 -0.886481 0.451421 0.101836 -464.896 0.103475 -0.0211279 0.994408 41.7433
0.430434 0.902156 -0.0290029 196.014 -0.896668 0.431059 0.10087 -465.161 0.103503 -0.0174121 0.994477 41.7793
0.409263 0.911978 -0.0282946 196.121 -0.906528 0.409943 0.100768 -465.376 0.103498 -0.0155909 0.994507 41.8001
0.387672 0.921413 -0.0266177 196.211 -0.916026 0.38831 0.100559 -465.627 0.102992 -0.0146012 0.994575 41.8305
0.368139 0.92942 -0.0255206 196.307 -0.924185 0.368794 0.099369 -465.887 0.101767 -0.0129959 0.994723 41.859
0.3488 0.936783 -0.0278703 196.389 -0.931682 0.349815 0.0979677 -466.155 0.101524 -0.00820488 0.994799 41.8887
0.331978 0.942756 -0.0316384 196.474 -0.937809 0.333474 0.0964813 -466.444 0.101509 -0.00235891 0.994832 41.9277
0.316693 0.94792 -0.0339531 196.545 -0.94312 0.318503 0.0952945 -466.697 0.101146 0.00184267 0.99487 41.96
0.302856 0.952491 -0.0322453 196.631 -0.947715 0.304563 0.0952761 -466.974 0.10057 0.00170437 0.994928 41.9918
0.292779 0.955671 -0.0311955 196.696 -0.951085 0.294427 0.0935389 -467.211 0.0985772 0.00228337 0.995127 42.0174
0.282868 0.958635 -0.0317091 196.774 -0.954391 0.2846 0.0902215 -467.491 0.0955139 0.0047422 0.995417 42.047
0.276242 0.960551 -0.0321231 196.837 -0.956474 0.278034 0.0886219 -467.723 0.0940572 0.00624383 0.995547 42.0648
0.273559 0.961278 -0.0333121 196.906 -0.957204 0.275474 0.0887353 -467.972 0.094476 0.00761221 0.995498 42.1031
0.276259 0.960508 -0.0332527 196.983 -0.956372 0.278161 0.0893236 -468.208 0.0950456 0.00712558 0.995447 42.126
0.281998 0.958781 -0.0348677 197.05 -0.954716 0.284024 0.0885867 -468.416 0.0948385 0.00830752 0.995458 42.1447
0.291414 0.955859 -0.0375759 197.106 -0.951955 0.293641 0.086924 -468.631 0.0941209 0.0104397 0.995506 42.1669
0.303656 0.95205 -0.0373236 197.181 -0.948199 0.305801 0.0860505 -468.831 0.093338 0.00926049 0.995591 42.1942
0.317338 0.947753 -0.0325808 197.26 -0.94364 0.318995 0.0882401 -469.017 0.0940228 0.00274255 0.995566 42.2163
0.331129 0.943139 -0.0290262 197.343 -0.938772 0.332387 0.0907003 -469.181 0.0951909 -0.00278457 0.995455 42.2374
0.345574 0.938023 -0.0263081 197.414 -0.933597 0.346504 0.09128 -469.347 0.0947385 -0.00698287 0.995478 42.2547
0.360406 0.93246 -0.0250345 197.496 -0.928183 0.36116 0.089662 -469.503 0.0926476 -0.00907804 0.995658 42.2715
0.375181 0.926543 -0.0275087 197.55 -0.92239 0.376111 0.0879595 -469.655 0.0918446 -0.00762696 0.995744 42.2844
0.389938 0.920094 -0.037089 197.597 -0.915981 0.391698 0.0868958 -469.786 0.09448 8.88712e-05 0.995527 42.3031
0.405088 0.913114 -0.0461161 197.656 -0.90874 0.407665 0.0894466 -469.899 0.100475 0.00567375 0.994923 42.3287
0.420504 0.906095 -0.046556 197.709 -0.901385 0.423062 0.0923267 -470.005 0.103353 0.00314111 0.99464 42.3371
0.43519 0.899477 -0.0393886 197.798 -0.894538 0.43693 0.0943027 -470.122 0.102033 -0.00580493 0.994764 42.344
0.449193 0.892807 -0.0334771 197.875 -0.887841 0.450253 0.0949244 -470.217 0.0998224 -0.0129171 0.994921 42.3577
0.462649 0.885985 -0.0313997 197.948 -0.881073 0.463434 0.0945491 -470.318 0.0983209 -0.0160776 0.995025 42.3708
0.474772 0.879524 -0.0320738 197.993 -0.87469 0.475573 0.0935319 -470.408 0.0975169 -0.0163517 0.9951 42.3804
0.486437 0.873118 -0.0323076 198.039 -0.86831 0.487203 0.0931119 -470.49 0.097038 -0.01724 0.995131 42.3859
0.497922 0.866607 -0.0326453 198.093 -0.861784 0.498659 0.0930998 -470.564 0.0969598 -0.0182233 0.995121 42.3941
0.508565 0.860376 -0.033377 198.156 -0.855623 0.509331 0.0921544 -470.658 0.0962874 -0.0183085 0.995185 42.4062
0.518155 0.854623 -0.0336858 198.212 -0.850047 0.518934 0.0901516 -470.731 0.0945264 -0.0180779 0.995358 42.4178
0.525712 0.850049 -0.0323155 198.263 -0.845488 0.526321 0.0902042 -470.787 0.0936863 -0.0200991 0.995399 42.4264
0.533438 0.845383 -0.0277735 198.323 -0.840536 0.533478 0.0943401 -470.85 0.0945701 -0.0269799 0.995153 42.4372
0.542746 0.839616 -0.0217161 198.377 -0.834303 0.54193 0.101246 -470.885 0.0967765 -0.0368331 0.994624 42.4407
0.549365 0.835404 -0.0172784 198.41 -0.829736 0.547846 0.106785 -470.92 0.0986748 -0.0443276 0.994132 42.4408
0.554008 0.832327 -0.0175161 198.457 -0.826696 0.552499 0.106392 -470.962 0.0982305 -0.0444615 0.99417 42.4488
0.560063 0.828196 -0.0205211 198.479 -0.822942 0.559021 0.1013 -470.999 0.0953678 -0.0398466 0.994644 42.4516
0.565509 0.824403 -0.0236627 198.506 -0.819543 0.564929 0.0959399 -471.057 0.0924609 -0.0348623 0.995106 42.463
0.568948 0.822028 -0.023826 198.531 -0.817344 0.568431 0.0939971 -471.09 0.0908117 -0.0340055 0.995287 42.467
0.57419 0.818461 -0.0206788 198.57 -0.813754 0.573302 0.0955526 -471.125 0.0900613 -0.0380379 0.99521 42.4735
0.579479 0.814815 -0.0167586 198.606 -0.809969 0.578067 0.0989341 -471.152 0.0903006 -0.0437562 0.994953 42.4736
0.582311 0.812843 -0.0141192 198.636 -0.807863 0.580512 0.101797 -471.178 0.0909416 -0.0478713 0.994705 42.4731
