1.000000000000000000e+00 0.000000000000000000e+00 8.809142651444723526e-20 0.000000000000000000e+00 0.000000000000000000e+00 1.000000000000000000e+00 -8.673617379884035472e-19 1.387778780781445676e-17 -2.032879073410320814e-20 0.000000000000000000e+00 1.000000000000000222e+00 0.000000000000000000e+00
9.999997355824630230e-01 -7.070985451949228159e-04 -1.698461572867588666e-04 2.894816861105424521e-02 7.072458822236339995e-04 9.999993723655540290e-01 8.689477927531687879e-04 -3.004480644436435810e-02 1.692316227739996807e-04 -8.690676936309689113e-04 9.999996080411381882e-01 1.370539141667945549e+00
9.999986333570791697e-01 -1.629517257432240920e-03 -2.792133268518020781e-04 8.971534824154078075e-03 1.629816129795146062e-03 9.999980956504518348e-01 1.073495050986723355e-03 -4.957818755130885546e-02 2.774635223905959867e-04 -1.073948659269138330e-03 9.999993848242604289e-01 2.608262870762976249e+00
9.999972510513169821e-01 -2.305990645766858339e-03 -4.246181525363510964e-04 4.216314966329391158e-03 2.306238765121012939e-03 9.999971696703924273e-01 5.847303770243148652e-04 -8.483894855315779471e-02 4.232685760624768818e-04 -5.857080446301050555e-04 9.999997388952277522e-01 3.971388437193092980e+00
9.999959849002685308e-01 -2.818191471766762213e-03 -2.966224915557922389e-04 2.113641830407843921e-03 2.818374027982880996e-03 9.999958381746747449e-01 6.167624229829775026e-04 -9.661257697483374707e-02 2.948831084407181721e-04 -6.175959437172782313e-04 9.999997658098486175e-01 5.294808648436019283e+00
9.999954066775181838e-01 -3.007318387638907228e-03 -3.777101252667751027e-04 1.358445353449996493e-03 3.007771006908316162e-03 9.999947524815260280e-01 1.203460521880912563e-03 -1.086399309907926242e-01 3.740889621806363949e-04 -1.204591068868518175e-03 9.999992045089838300e-01 6.588518773887213520e+00
9.999899898181409119e-01 -4.471147802382861511e-03 -1.706127618344341866e-04 -6.523752226563294017e-03 4.471501599693517189e-03 9.999877285458733667e-01 2.132703101644023609e-03 -1.455454509267466445e-01 1.610750426205242146e-04 -2.133444664754190895e-03 9.999977112320864725e-01 7.937242418694279600e+00
9.999917928831199010e-01 -4.044441354284575817e-03 -2.380494720914084431e-04 -1.575508136078845878e-02 4.045018294662660642e-03 9.999887559155821171e-01 2.475047774692143085e-03 -1.606598810841733393e-01 2.280366165377440183e-04 -2.475990396283631739e-03 9.999969087311013638e-01 9.302569984358051158e+00
9.999943081421550639e-01 -3.353869991615934971e-03 -3.677566693967540719e-04 -2.232271599550613578e-02 3.354399103392185534e-03 9.999933261683956465e-01 1.447625259120078819e-03 -1.882210699344189497e-01 3.628990761152364243e-04 -1.448850633382421822e-03 9.999988845678478011e-01 1.058566103407237868e+01
9.999988208277845736e-01 -1.495303934460933022e-03 -3.498734618777516511e-04 -2.896280529544821569e-02 1.495110015836809310e-03 9.999987289216871744e-01 -5.538938660934553809e-04 -2.056790512197597953e-01 3.507012625567695408e-04 5.533701194512718677e-04 9.999997853952350413e-01 1.195673259412202150e+01
9.999987060214603485e-01 1.593073872728395166e-03 -2.237582566685768898e-04 -6.186667907478664297e-02 -1.593493432670319357e-03 9.999969490546621875e-01 -1.887501890167726619e-03 -2.354175268321672676e-01 2.207506459559640914e-04 1.887856021121117264e-03 9.999981936327391185e-01 1.328743380795391893e+01
9.999913642947863002e-01 4.139913620267726344e-03 -3.639268548707175481e-04 -6.607869975850752531e-02 -4.140612790186260286e-03 9.999895423262765703e-01 -1.941796073870937986e-03 -2.571490811237558960e-01 3.558841849615615796e-04 1.943286199905645655e-03 9.999980484907553535e-01 1.460146708092800694e+01
9.999873961188932014e-01 5.019050106564160868e-03 1.293447814366888897e-04 -7.689043067479245375e-02 -5.018914066715172637e-03 9.999868728990781719e-01 -1.031765874811891789e-03 -2.832734609429382600e-01 -1.345215719414397061e-04 1.031103706290094346e-03 9.999994593642029805e-01 1.596621143309354096e+01
9.999960464074982847e-01 2.805474629811038900e-03 1.909881835090830463e-04 -7.066288263587330865e-02 -2.805689242166675701e-03 9.999954224965275085e-01 1.132739541576411983e-03 -3.086529827750511545e-01 -1.878094397101740779e-04 -1.133270928889790197e-03 9.999993402120836983e-01 1.735738032554789712e+01
9.999995078994760034e-01 -8.723536646236653216e-04 4.724427560340944878e-04 -8.238627046416653610e-02 8.709369448519164308e-04 9.999951486363360953e-01 2.990680577523287774e-03 -3.373249461231102586e-01 -4.750494005739678335e-04 -2.990267664387966096e-03 9.999954163031988807e-01 1.869249337127775590e+01
9.999969498082618147e-01 -2.464952300361436532e-03 -1.561685681288516481e-04 -8.682077052495608405e-02 2.465168060297328115e-03 9.999959861399433381e-01 1.396655153337783561e-03 -3.714286381094683565e-01 1.527252571548707064e-04 -1.397035886288595929e-03 9.999990124826401150e-01 2.004745794348191623e+01
9.999932949402215998e-01 -3.660374975147410830e-03 1.083349288236088966e-04 -9.117025917413755509e-02 3.660470567818208121e-03 9.999928995190652259e-01 -8.954664632801262111e-04 -3.901970044309455710e-01 -1.050564188186115921e-04 8.958570268425810126e-04 9.999995932014213995e-01 2.139445922561123226e+01
9.999991162829970914e-01 -1.320279441808024784e-03 1.558783758010865936e-04 -9.225693498696473094e-02 1.320593311521869179e-03 9.999970658128438661e-01 -2.030861138665247811e-03 -4.392376613530048490e-01 -1.531966186079074949e-04 2.031065215634871371e-03 9.999979256499897939e-01 2.275073612461443773e+01
9.999987838897653747e-01 8.973644699493618648e-04 1.275521890948317022e-03 -1.147924670436580863e-01 -8.962911532860544372e-04 9.999992440168251617e-01 -8.418015108223320109e-04 -4.371888669306141506e-01 -1.276276352412476821e-03 8.406572563892924718e-04 9.999988322053767753e-01 2.411178252316096504e+01
9.999983133570835570e-01 5.932260890504359452e-04 1.738208009244210850e-03 -1.001287720253983687e-01 -5.985550344296715342e-04 9.999951180595895162e-01 3.066853311521434543e-03 -4.547347454258313659e-01 -1.736380213313504705e-03 -3.067888578995800909e-03 9.999937865015751104e-01 2.550237036450838701e+01
9.999979627306391228e-01 -1.125153012541770838e-03 1.675878768534100728e-03 -1.077111491104787294e-01 1.117737923036626890e-03 9.999896115431542443e-01 4.418989086486392603e-03 -4.739269113271967204e-01 -1.680833422528308849e-03 -4.417106928812477087e-03 9.999888319197214326e-01 2.689707034664757757e+01
9.999869171250728161e-01 -4.691329685352392184e-03 2.038876105034663922e-03 -1.124760248092209064e-01 4.683655765368983578e-03 9.999819911322926913e-01 3.752435260460947660e-03 -5.217129937694950925e-01 -2.056443329762942893e-03 -3.742836803199183198e-03 9.999908810642144097e-01 2.824827419586340937e+01
9.999858809607778953e-01 -4.978734769440919250e-03 1.857441992233077425e-03 -1.079621343788574606e-01 4.976968247309590358e-03 9.999871592846232282e-01 9.544861045881038522e-04 -5.218123838223356348e-01 -1.862170305341721323e-03 -9.452282018145045581e-04 9.999978194291471167e-01 2.960142788790915702e+01
9.999840586698827138e-01 -5.120530869281571945e-03 2.379618085729332498e-03 -1.124706959615649204e-01 5.122080960549130896e-03 9.999866735540707818e-01 -6.457489918578985730e-04 -5.661344421665153170e-01 -2.376279837436814577e-03 6.579273060900716827e-04 9.999969602065916785e-01 3.100301976615072874e+01
9.999936690754248625e-01 -2.262930477632133300e-03 2.746081316255049969e-03 -1.250454012783315805e-01 2.267728398628568627e-03 9.999959056088004727e-01 -1.745327970410968238e-03 -5.740863982073423077e-01 -2.742120565727017550e-03 1.751544307681158173e-03 9.999947064176337719e-01 3.238057671508523327e+01
9.999951610970161386e-01 -8.550271482806078016e-04 2.991106275449147318e-03 -1.380739982602389171e-01 8.655775033965572643e-04 9.999934029406425395e-01 -3.527725869083621693e-03 -6.166066414978699228e-01 -2.988070296471323842e-03 3.530297868874153130e-03 9.999893041569045682e-01 3.376505759433754150e+01
9.999938031089052881e-01 -2.995932642094190079e-06 3.520474335549278466e-03 -1.365568537612501798e-01 1.555465209648193570e-05 9.999936369870346953e-01 -3.567316092024307508e-03 -6.422307295750582234e-01 -3.520441311546317412e-03 3.567348781555021789e-03 9.999874401762770537e-01 3.515968605662570212e+01
9.999953109055285116e-01 -9.488734952864735436e-04 2.911668205091564893e-03 -1.298759237602209737e-01 9.560624745259104634e-04 9.999964959121588892e-01 -2.468624444217765862e-03 -6.734339553457981964e-01 -2.909315642607880961e-03 2.471396631386077805e-03 9.999927140118535229e-01 3.656146579178780343e+01
9.999946711773646246e-01 3.657240392564101855e-04 3.244050939290758946e-03 -1.324337637111818733e-01 -3.618145308155237133e-04 9.999992077638653054e-01 -1.205637921864448348e-03 -7.044853801591501874e-01 -3.244489357338034737e-03 1.204457766280779205e-03 9.999940112649138291e-01 3.793488592246475832e+01
9.999896805357582075e-01 3.421413592293523140e-03 2.988770422223865214e-03 -1.516863522924531693e-01 -3.420270385664350710e-03 9.999940757682318493e-01 -3.875376559937162430e-04 -7.325574282231360757e-01 -2.990078695136775145e-03 3.773112576798678605e-04 9.999954585204333668e-01 3.930797090275886774e+01
9.999790794861195264e-01 5.795406755165205884e-03 2.872950317421199551e-03 -1.542840421701773268e-01 -5.793269648565938998e-03 9.999829363821961525e-01 -7.516530927022969238e-04 -7.606403799799225096e-01 -2.877257481003435251e-03 7.349935972043013938e-04 9.999955905751570784e-01 4.072194581952032166e+01
9.999646579668005630e-01 7.714639755729682524e-03 3.341727175321074130e-03 -1.666859168586866669e-01 -7.712400428015813228e-03 9.999700260956784215e-01 -6.824988991885423337e-04 -7.817268293600930784e-01 -3.346892303200833980e-03 6.567020439054212927e-04 9.999941835079343422e-01 4.214886698917031538e+01
9.999575360288568415e-01 8.765227125387332896e-03 2.845508661967773630e-03 -1.850424209605759929e-01 -8.764262827812799306e-03 9.999615314455859716e-01 -3.512022235384552188e-04 -8.050522098656198722e-01 -2.848477617137407016e-03 3.262485237809564440e-04 9.999958898581733369e-01 4.352399887800883960e+01
9.999704818958677910e-01 7.258154297056148077e-03 2.520817866011197499e-03 -1.780869125358785499e-01 -7.256725147013056570e-03 9.999735039411666859e-01 -5.756472409435831050e-04 -8.327944678614036533e-01 -2.524929255747871207e-03 5.573373688888307032e-04 9.999966570462941462e-01 4.494224542710782089e+01
9.999689219793111983e-01 7.634402703113512059e-03 1.967475284051757155e-03 -1.735499428921316034e-01 -7.632719255544612863e-03 9.999704990526392390e-01 -8.617632868627520676e-04 -8.702278645761413189e-01 -1.973996325379481602e-03 8.467193227251574791e-04 9.999976931983508566e-01 4.633964679776872231e+01
9.999765516596135217e-01 6.751178251844448114e-03 1.147916323013656748e-03 -1.897301038253586536e-01 -6.750300134370499847e-03 9.999769221848117118e-01 -7.671759325658727632e-04 -9.068381356172551255e-01 -1.153069194446525994e-03 7.594091671577268485e-04 9.999990468632462548e-01 4.779205151327881396e+01
9.999767219709759791e-01 6.816784119556669463e-03 2.948861975702224522e-04 -2.109579723297435594e-01 -6.816815597748635686e-03 9.999767596642449297e-01 1.056857196709056618e-04 -9.255284479908640893e-01 -2.941589132750624391e-04 -1.076934498532473861e-04 9.999999509361316985e-01 4.917993047761957826e+01
9.999711975839680189e-01 7.557686571953907070e-03 -6.966783548988573181e-04 -2.000021074062213466e-01 -7.557435436198528186e-03 9.999713764814950334e-01 3.624937224238162711e-04 -9.627734688626872206e-01 6.993980391168510896e-04 -3.572181892816548784e-04 9.999996916192603891e-01 5.058267371408953750e+01
9.999674413130290596e-01 7.909010981216066036e-03 -1.601200093523254134e-03 -2.255436100013963885e-01 -7.908279044089111531e-03 9.999686219039830570e-01 4.629741318447422663e-04 -9.808000699343429885e-01 1.604811545799393569e-03 -4.502963320497247249e-04 9.999986109067912077e-01 5.203443909453134353e+01
9.999687079191473815e-01 7.453899903092369925e-03 -2.650007672120764223e-03 -2.372476980700378990e-01 -7.451164548801739868e-03 9.999716982480214567e-01 1.040607434909480641e-03 -1.010076077459801214e+00 2.657689302116450752e-03 -1.020829245994369847e-03 9.999959472914418113e-01 5.344284982091721758e+01
9.999708054399055746e-01 6.787566575968049382e-03 -3.509585413167206139e-03 -2.433787270820280402e-01 -6.780075195812551928e-03 9.999747207374664049e-01 2.142073474851020898e-03 -1.046198567558640047e+00 3.524036222036771270e-03 -2.118215712446981300e-03 9.999915471325574456e-01 5.488520974007951736e+01
9.999790580868332945e-01 5.236531110746992304e-03 -3.802908649531388987e-03 -2.740046106388307479e-01 -5.226149634835126553e-03 9.999826042027621931e-01 2.734714077292602508e-03 -1.073428314842274300e+00 3.817162978311150652e-03 -2.714782269657896492e-03 9.999890295549729302e-01 5.629592020629107196e+01
9.999874525738911002e-01 2.582387441764524491e-03 -4.292546878407742759e-03 -2.812606808618249299e-01 -2.573083040583188166e-03 9.999943314961950991e-01 2.171686775549398936e-03 -1.089530788615726831e+00 4.298130758896857515e-03 -2.160614472543315179e-03 9.999884288450296976e-01 5.770425166391706995e+01
9.999896142826121270e-01 1.604392875716849354e-03 -4.265822443443194334e-03 -2.994290448439878016e-01 -1.593918251118401838e-03 9.999957094480573794e-01 2.457745405244813296e-03 -1.128017689983148664e+00 4.269747405957989399e-03 -2.450920535148960397e-03 9.999878810528263218e-01 5.918507793240540593e+01
9.999913858216773477e-01 5.698292087970412839e-04 -4.111395139285617222e-03 -3.022727554041496623e-01 -5.586042809264911424e-04 9.999961152523657582e-01 2.730831709449373784e-03 -1.146793024555211371e+00 4.112935348903787661e-03 -2.728511571934355215e-03 9.999878194228916106e-01 6.062456127137694040e+01
9.999929025686228323e-01 -1.509334180239680148e-03 -3.452060317056949556e-03 -3.154258890058513343e-01 1.521589835262783692e-03 9.999925397798334892e-01 3.550372571891293426e-03 -1.174287119549568992e+00 3.446675928376742408e-03 -3.555600028062017894e-03 9.999877389945429629e-01 6.204354839310258996e+01
9.999905001455445808e-01 -2.947347551096940986e-03 -3.211348901975906445e-03 -3.158875188265584666e-01 2.957538394485721873e-03 9.999905916413535101e-01 3.173261614209030562e-03 -1.203271479646912834e+00 3.201966042303291612e-03 -3.182729186505856792e-03 9.999898087749919950e-01 6.345527747546335462e+01
9.999873391836553438e-01 -4.203458468250277288e-03 -2.766299498208050611e-03 -3.217937072786080654e-01 4.210085413734137791e-03 9.999882715662651300e-01 2.394139205177788811e-03 -1.221250745648940539e+00 2.756203439527976119e-03 -2.405755272298309641e-03 9.999933078219791494e-01 6.486351718594708871e+01
9.999937096890316734e-01 -2.886188363796960907e-03 -2.061674416651446302e-03 -3.376193468220465843e-01 2.891209694690241583e-03 9.999928515904799031e-01 2.436733182375325733e-03 -1.262827532638319150e+00 2.054626846142540951e-03 -2.442678609951286738e-03 9.999949059036592480e-01 6.630532337676169163e+01
9.999964602408006886e-01 -1.994593023658472984e-03 -1.760995647352679933e-03 -3.409945538214250726e-01 1.998593938969957240e-03 9.999954192548249354e-01 2.273122840689853486e-03 -1.285700642184006703e+00 1.756453658449531928e-03 -2.276634330758334386e-03 9.999958658963166158e-01 6.772554896160617943e+01
9.999991498031216564e-01 1.060740633178751738e-03 -7.584321303469207217e-04 -3.553924187231611298e-01 -1.058467276654853975e-03 9.999949649903024929e-01 2.991595280037589143e-03 -1.324107064630229758e+00 7.616016341454940252e-04 -2.990789989938110426e-03 9.999952375586508291e-01 6.912011598472929563e+01
9.999920594053003375e-01 3.953071379283799522e-03 -5.043261466756802100e-04 -3.783170727795218125e-01 -3.950870246889993248e-03 9.999829787538738746e-01 4.293347547413972967e-03 -1.339696139036300915e+00 5.212894843071140278e-04 -4.291320971212689642e-03 9.999906563680526217e-01 7.054678427130112084e+01
9.999731895202262910e-01 7.312309679063979870e-03 3.877556947904052661e-04 -3.964843366132445590e-01 -7.314119843287468503e-03 9.999612823786281357e-01 4.892586971787486402e-03 -1.365453790747317431e+00 -3.519645730668657913e-04 -4.895291940607823800e-03 9.999879560467268558e-01 7.195653188732087813e+01
9.999330731621745016e-01 1.154498801073955243e-02 7.499512501226221614e-04 -4.147376055434872089e-01 -1.154836513033937438e-02 9.999224260460309877e-01 4.666602000386763267e-03 -1.395259271015308222e+00 -6.960172181954313959e-04 -4.674950440773337733e-03 9.999888301369261878e-01 7.334016034789407001e+01
9.998885466305783565e-01 1.485658950140504586e-02 1.475140035276513916e-03 -4.196326080133457870e-01 -1.486266339637028547e-02 9.998807421305720977e-01 4.195566868090482709e-03 -1.416181886908687737e+00 -1.412632320584167106e-03 -4.217023815726732988e-03 9.999901105406768798e-01 7.475310667111943985e+01
9.998558446251648579e-01 1.676141109516327693e-02 2.710172941205387775e-03 -4.419388601193822708e-01 -1.677168095915042637e-02 9.998520784860791544e-01 3.812072554762239301e-03 -1.436791984067624428e+00 -2.645876377021530879e-03 -3.856977224711970968e-03 9.999890614712847459e-01 7.616303881109742235e+01
9.998476900401017664e-01 1.732303390496498993e-02 2.123484449429721005e-03 -4.519862700588602178e-01 -1.733213632449675384e-02 9.998403429494648886e-01 4.345767416686718496e-03 -1.471686682024654358e+00 -2.047863576992412209e-03 -4.381910085543277468e-03 9.999883024901097262e-01 7.751323253175861794e+01
9.998678916962560059e-01 1.603464702039105599e-02 2.662559232349385931e-03 -4.486907629424992661e-01 -1.604545152501226507e-02 9.998629090959780807e-01 4.087362249667179925e-03 -1.500867719565562197e+00 -2.596654851523147456e-03 -4.129544287091568150e-03 9.999881020517390473e-01 7.891423001260285730e+01
9.998832280955397556e-01 1.515140351773483149e-02 1.991260281232188917e-03 -4.512936734829557373e-01 -1.515774812959930218e-02 9.998799599649902392e-01 3.210663657687939584e-03 -1.515457719928196001e+00 -1.942375221792617132e-03 -3.240471802816963492e-03 9.999928632340820966e-01 8.032217842122709328e+01
9.999063559262242329e-01 1.357608276689039641e-02 1.723174626071913122e-03 -4.602996431335161787e-01 -1.358175452813857251e-02 9.999022403320425578e-01 3.323514504901918520e-03 -1.536641804290411750e+00 -1.677885888421307495e-03 -3.346607050992110415e-03 9.999929924347874532e-01 8.170963216546678609e+01
9.999018136114564692e-01 1.389405224699152321e-02 1.821654164955993551e-03 -4.596403175791973217e-01 -1.390087455540610362e-02 9.998962050177696570e-01 3.787466692267163048e-03 -1.560712048742569191e+00 -1.768841854787969953e-03 -3.812417443789251677e-03 9.999911682961108994e-01 8.308915775930324799e+01
9.998945399062452166e-01 1.445030749094502326e-02 1.448327537142368249e-03 -4.808423746598670667e-01 -1.445510934039746440e-02 9.998898686046123752e-01 3.361622134082379188e-03 -1.591739217093782521e+00 -1.399591579859846280e-03 -3.382203389954126140e-03 9.999933008988186600e-01 8.448323520733373471e+01
9.998985266166716679e-01 1.423177725338158409e-02 6.268643493122651828e-04 -4.893245441595573952e-01 -1.423389019770255129e-02 9.998925467741965889e-01 3.505895365327864072e-03 -1.609408266968799683e+00 -5.769018769708638729e-04 -3.514462370350641095e-03 9.999936578491469552e-01 8.583218888239285604e+01
9.999022738447613801e-01 1.397682694730556507e-02 -3.017294950076215192e-04 -4.909092176590076906e-01 -1.397552948140396746e-02 9.998945635759582951e-01 3.942883887969232323e-03 -1.641210411078422471e+00 3.568066959187524059e-04 -3.938281781983278551e-03 9.999921812829662970e-01 8.722086547012662550e+01
9.999216858472205205e-01 1.244182691544340816e-02 -1.350218225093394262e-03 -4.948279819437192972e-01 -1.243501268101103452e-02 9.999104644108968154e-01 4.943039967649485479e-03 -1.665692706541273882e+00 1.411597807959539229e-03 -4.925862932233449759e-03 9.999868715484673265e-01 8.860694642852445213e+01
9.999348431955146221e-01 1.114542129094068731e-02 -2.467574236406318722e-03 -5.021585388711899967e-01 -1.113139401500049669e-02 9.999222100714066919e-01 5.627245617251449075e-03 -1.693568420393935403e+00 2.530100354945116672e-03 -5.599411484457804053e-03 9.999811224160075618e-01 8.996617430089347067e+01
9.999492290162440566e-01 9.482555203997563784e-03 -3.408887408577738684e-03 -5.243671791517129366e-01 -9.463368641020384123e-03 9.999395340043747415e-01 5.601161109539183613e-03 -1.716236663716066646e+00 3.461794670352143829e-03 -5.568617235921245745e-03 9.999785030120905693e-01 9.135541209211613989e+01
9.999629025365094348e-01 7.714330317333768783e-03 -3.831793069508827084e-03 -5.164799140950893097e-01 -7.693824028648136096e-03 9.999561552619590232e-01 5.337849643051725997e-03 -1.734428098826636955e+00 3.872803072046194714e-03 -5.308170538566626268e-03 9.999784121314871932e-01 9.272553469944355697e+01
9.999712082670366708e-01 6.212398057840006274e-03 -4.357605888859564583e-03 -5.359272763483123869e-01 -6.189668884740246943e-03 9.999672702553311643e-01 5.210223370684709428e-03 -1.762215187181427556e+00 4.389831327238338278e-03 -5.183101277803648863e-03 9.999769321589074833e-01 9.403272892900656643e+01
9.999697495194806995e-01 6.531876985587261805e-03 -4.223104346992045434e-03 -5.572532705091642891e-01 -6.510587259073968847e-03 9.999661273928844851e-01 5.035507072044199429e-03 -1.780726971344223974e+00 4.255852689836589833e-03 -5.007859910731524838e-03 9.999784042991183286e-01 9.540419575668332186e+01
9.999766070291580267e-01 5.533623931473961866e-03 -4.020495520253727917e-03 -5.673346670105875456e-01 -5.516709559519338696e-03 9.999759373425126663e-01 4.206026744419734051e-03 -1.804488144083931989e+00 4.043673420007355516e-03 -4.183748492967370204e-03 9.999830723371542218e-01 9.677002645420456872e+01
9.999673442921630517e-01 6.994171348859747062e-03 -4.048690790746985006e-03 -5.801591947587011466e-01 -6.978947381874794909e-03 9.999685694842598283e-01 3.762226653902911878e-03 -1.835450415011986358e+00 4.074877269466769397e-03 -3.733848238734023984e-03 9.999847267631244430e-01 9.812210166364872066e+01
9.999691518346275343e-01 7.090446366982012735e-03 -3.379486793215584917e-03 -6.165855603868598545e-01 -7.078160315415481935e-03 9.999683474597127475e-01 3.633694789476879950e-03 -1.844576152974358285e+00 3.405144403460352506e-03 -3.609662188659447466e-03 9.999876875923822128e-01 9.944607875502950378e+01
9.999521701168884169e-01 9.079212088616849669e-03 -3.636669297171066326e-03 -6.165400240794477460e-01 -9.061603751329879927e-03 9.999472804172209184e-01 4.829465788287174918e-03 -1.884647947224193709e+00 3.680325384879156239e-03 -4.796280793222484212e-03 9.999817252841525228e-01 1.008156198681907938e+02
9.999512979340348107e-01 9.156345315354429831e-03 -3.682808368908260799e-03 -6.385223605737063712e-01 -9.133606536899173400e-03 9.999394095647694547e-01 6.144464724347662235e-03 -1.900483697177513642e+00 3.738846136187146292e-03 -6.110528219681225087e-03 9.999743409116107484e-01 1.021546081881143948e+02
9.999571879456280454e-01 8.413675071716633300e-03 -3.851275874024895785e-03 -6.540218797814431051e-01 -8.392742746015119382e-03 9.999500944580327344e-01 5.419453588565008653e-03 -1.922600980454673758e+00 3.896681267161942672e-03 -5.386898861994119520e-03 9.999778983572219504e-01 1.034812469013842815e+02
9.999547997820306122e-01 8.958547499670925160e-03 -3.184775926871417657e-03 -6.814056721667957062e-01 -8.949020162696314992e-03 9.999554765670931600e-01 2.993315563923234796e-03 -1.944290659356685325e+00 3.211449946807510333e-03 -2.964679677936861608e-03 9.999904485889140604e-01 1.048358365209883374e+02
9.999588532087797521e-01 8.375767489615890474e-03 -3.484018825563757731e-03 -6.852228546790944952e-01 -8.368640593307087594e-03 9.999628703457832390e-01 2.055188556145532731e-03 -1.961955515457405763e+00 3.501103308281512498e-03 -2.025947518102976484e-03 9.999918188754768344e-01 1.061878428943824559e+02
9.999722096194363363e-01 6.438541897844271902e-03 -3.758343954929993947e-03 -7.025220632944343402e-01 -6.426810745506690917e-03 9.999744644461613374e-01 3.125151309362537381e-03 -1.994614249177540488e+00 3.778369468804177074e-03 -3.100910331421219152e-03 9.999880540714422006e-01 1.074896820651899532e+02
9.999850793123785664e-01 4.547559643215737246e-03 -3.026688110508905447e-03 -7.163826384130175251e-01 -4.533605863214622625e-03 9.999791371923980599e-01 4.601261260546939645e-03 -2.012078386182488465e+00 3.047549531848923066e-03 -4.587470843776639447e-03 9.999848336643578639e-01 1.088348345146384162e+02
9.999952479875846567e-01 2.006686743709766227e-03 -2.340342589312483391e-03 -7.200909197946423479e-01 -1.993916336607533604e-03 9.999831810655577247e-01 5.446272664725707036e-03 -2.046435973803811148e+00 2.351232235930180749e-03 -5.441580390244745921e-03 9.999824303029866135e-01 1.101702563955648344e+02
9.999970544986523935e-01 2.003928081132462166e-03 -1.369401536868025855e-03 -7.207480655767340982e-01 -1.997914332261924511e-03 9.999884168408156304e-01 4.378872587725356029e-03 -2.073079962754437400e+00 1.378160648310434219e-03 -4.376123785695175579e-03 9.999894750530708976e-01 1.115036969344305362e+02
9.999929601260401091e-01 3.664008207625616201e-03 -8.091564609744105558e-04 -7.232399774932238845e-01 -3.662186506556818627e-03 9.999907819633190309e-01 2.241513938734565441e-03 -2.085922436631690857e+00 8.173619434508692504e-04 -2.238534900789244768e-03 9.999971604372840384e-01 1.128150880716434585e+02
9.999862151037894886e-01 5.236003627029701957e-03 3.922487115365145931e-04 -7.568027298295857408e-01 -5.236194745114438470e-03 9.999861721176399598e-01 4.876965292536271715e-04 -2.118975280922546833e+00 -3.896897136070989515e-04 -4.897437048681360303e-04 9.999998041462762055e-01 1.141694611640636765e+02
9.999539687898825191e-01 9.353207352906371327e-03 2.139579042580999017e-03 -7.714650173899759711e-01 -9.353549419264532011e-03 9.999562433749020762e-01 1.498892919035363369e-04 -2.135815796947017731e+00 -2.138083514012751457e-03 -1.698950567841596079e-04 9.999976998631892045e-01 1.154882874936054122e+02
9.999529775736238912e-01 9.074593130666028934e-03 3.419705877586725826e-03 -7.785412118017184246e-01 -9.079819860559716627e-03 9.999576284485693911e-01 1.515980185991570341e-03 -2.170885968779134867e+00 -3.405804134428332738e-03 -1.546959231711393656e-03 9.999930036810703582e-01 1.168452016697881533e+02
9.999477198915404097e-01 9.057937264364403912e-03 4.744601675649244218e-03 -7.816165132093295664e-01 -9.074321872039879319e-03 9.999528993170005986e-01 3.443232009225264279e-03 -2.192376772819268016e+00 -4.713189701456628466e-03 -3.486106073484016282e-03 9.999828163032919992e-01 1.181624503539319022e+02
9.999483565415631103e-01 8.593786596633340782e-03 5.425041230767996964e-03 -7.914275447475042080e-01 -8.615356672371054028e-03 9.999550252513750292e-01 3.965238889123675128e-03 -2.215549128063628803e+00 -5.390720914598614612e-03 -4.011772813559169940e-03 9.999774226455308002e-01 1.194827095981651013e+02
9.999306490661686864e-01 1.005282496691135667e-02 6.134961843663649765e-03 -7.922799275618881421e-01 -1.007390289632013533e-02 9.999434271862073231e-01 3.414516968540465096e-03 -2.237168293392792773e+00 -6.100289333616644785e-03 -3.476083211851251423e-03 9.999753513504380242e-01 1.208143947289148201e+02
9.999058506897360310e-01 1.115984044844683595e-02 7.984216055963734224e-03 -8.068009389127662745e-01 -1.118710011413493258e-02 9.999317176238947669e-01 3.377706560975415277e-03 -2.265403396854488882e+00 -7.945976343931591968e-03 -3.466708808932115506e-03 9.999624209842585820e-01 1.221488156220930819e+02
9.998892494258262431e-01 1.195639658059729875e-02 8.861910135106504730e-03 -7.952889896992810792e-01 -1.198200875657575229e-02 9.999241724177002633e-01 2.842693010454595826e-03 -2.279257060694369397e+00 -8.827249944224752759e-03 -2.948561692741015310e-03 9.999566918781893632e-01 1.234740938086498545e+02
9.998723490035044126e-01 1.275179432612312883e-02 9.626911584222829985e-03 -8.007789606901628554e-01 -1.277295879014112359e-02 9.999161320668644715e-01 2.140182378828438259e-03 -2.309704959630041632e+00 -9.598813194927871897e-03 -2.262873348230321630e-03 9.999513699065861738e-01 1.248016093875739898e+02
9.998363394597340470e-01 1.460582683436790173e-02 1.067539706383462302e-02 -7.922427816556976143e-01 -1.462392217961752498e-02 9.998917541130414310e-01 1.618945714689205492e-03 -2.325257046880160772e+00 -1.065059563948447634e-02 -1.774796949774951754e-03 9.999417057487337557e-01 1.261389592214914757e+02
9.998332713778035341e-01 1.417269690655443420e-02 1.151364817670499918e-02 -7.758552494438423208e-01 -1.418771426029924454e-02 9.998986005773946584e-01 1.223664589403845350e-03 -2.357316157896413689e+00 -1.149513827126379117e-02 -1.386812931982548715e-03 9.999329670195111763e-01 1.274851343851613592e+02
9.998275239947190807e-01 1.379715578219958480e-02 1.243224607949060777e-02 -7.875058434286806852e-01 -1.382081644899625129e-02 9.999028329648392832e-01 1.819254860524977847e-03 -2.380031350057079553e+00 -1.240593774663472683e-02 -1.990764890335129308e-03 9.999210616590852307e-01 1.288241021269359123e+02
9.998393698371818017e-01 1.185274585964563379e-02 1.344421555229274000e-02 -7.703149309209397222e-01 -1.188814393106799212e-02 9.999260664835817325e-01 2.556095274159192292e-03 -2.412978310619319888e+00 -1.341292505741870610e-02 -2.715511478552769774e-03 9.999063553271710925e-01 1.302019110449451205e+02
9.998429866138089928e-01 1.060627626782141737e-02 1.419538723609006445e-02 -7.417225238490178230e-01 -1.065017276335211531e-02 9.999387239850703324e-01 3.020283940897155236e-03 -2.421893225200343114e+00 -1.416248367681790903e-02 -3.170993065877991419e-03 9.998946788754021764e-01 1.314846279739304009e+02
9.998536461614079274e-01 1.008482033861179961e-02 1.381964735651759063e-02 -7.639750806944447525e-01 -1.013270269302781780e-02 9.999428853747087675e-01 3.399168037952012781e-03 -2.444416956219841897e+00 -1.378457829001272610e-02 -3.538700961493336430e-03 9.998987263626130106e-01 1.328271447135506946e+02
9.998677144620634616e-01 9.160471092992769626e-03 1.344021368323186812e-02 -7.450629104402707314e-01 -9.216547912733873138e-03 9.999490542888420652e-01 4.116319726599268827e-03 -2.462553841763511553e+00 -1.340182176319750298e-02 -4.239647603391355143e-03 9.999012033930503307e-01 1.341649101807770137e+02
9.998731124477077126e-01 8.914567201673266605e-03 1.320187464321191488e-02 -7.114727422417528313e-01 -8.966518286216956096e-03 9.999522678846064494e-01 3.881174886006524480e-03 -2.499040215619122041e+00 -1.316664572066529940e-02 -3.999057294452303124e-03 9.999053190010676051e-01 1.355096007634767545e+02
9.999015179899010120e-01 7.156467176638814376e-03 1.207225330223363376e-02 -7.109264762728026987e-01 -7.203588603206443480e-03 9.999665871148977203e-01 3.864321128133630431e-03 -2.525081393077018177e+00 -1.204419525174147201e-02 -3.950904138512160817e-03 9.999196606246485430e-01 1.368453040286913733e+02
9.999294383885209969e-01 4.414860287657538032e-03 1.102847485829500269e-02 -7.204095739190558012e-01 -4.466840113515148369e-03 9.999790110584931835e-01 4.693057541378584802e-03 -2.535008779903943577e+00 -1.100752437559187648e-02 -4.741988862055924840e-03 9.999281713885764811e-01 1.381837870350402397e+02
9.999443566251473570e-01 4.301474998742459838e-03 9.632287898322218489e-03 -7.246131820602010887e-01 -4.351559929997833587e-03 9.999770907254431629e-01 5.184781315622831108e-03 -2.569934909201001982e+00 -9.609765184408401023e-03 -5.226408337104673264e-03 9.999401667391690784e-01 1.394910085925799592e+02
9.999580937272081194e-01 2.804792454195665849e-03 8.714581711139085876e-03 -7.033871544612881888e-01 -2.848236046691404733e-03 9.999835596051828146e-01 4.976753440905571160e-03 -2.584074100973958732e+00 -8.700479825803842521e-03 -5.001366109361767183e-03 9.999496427211401750e-01 1.408177205534532845e+02
9.999669808937893256e-01 2.904706075834739484e-03 7.589453800160604786e-03 -6.972270342245612262e-01 -2.941852723396828559e-03 9.999837266660400736e-01 4.887935136422363359e-03 -2.603667989078613854e+00 -7.575132406489978008e-03 -4.910100836659610224e-03 9.999592533050234433e-01 1.421875191636710554e+02
9.999734716788170052e-01 2.950055699177198815e-03 6.659813288377490828e-03 -6.947170320138087440e-01 -2.978377989377476581e-03 9.999865468575845906e-01 4.246807377616523133e-03 -2.619560696772179842e+00 -6.647195486117912257e-03 -4.266530193389670746e-03 9.999688052658050053e-01 1.435492115802835826e+02
9.999823343610594328e-01 1.310527302428653867e-03 5.797714128442633084e-03 -7.052558622883640105e-01 -1.322408528121080465e-03 9.999970326904896734e-01 2.045934478213442924e-03 -2.652666668455765819e+00 -5.795015770417836012e-03 -2.053565296511222077e-03 9.999811001487408646e-01 1.449302458450341078e+02
9.999869008228227107e-01 -1.236502222135817987e-03 4.966815261862384499e-03 -7.019152898844308597e-01 1.228906393179945294e-03 9.999980712586994391e-01 1.532078769010033689e-03 -2.695701672445629526e+00 -4.968700185454756960e-03 -1.525954957567734679e-03 9.999864916456189246e-01 1.462359446001684944e+02
9.999470581493519195e-01 -9.427129271370442848e-03 4.124336841731701848e-03 -6.796299208443083995e-01 9.411466153590604053e-03 9.999484877170636832e-01 3.800815651911114423e-03 -2.695720679854407109e+00 -4.159955235744969455e-03 -3.761798397213834966e-03 9.999842716966131917e-01 1.475178624647727190e+02
9.998635570676644990e-01 -1.635951978084305980e-02 2.287660761866075389e-03 -6.731460888346094684e-01 1.634795922664430273e-02 9.998539410889881740e-01 4.984043409092899814e-03 -2.724925628931369914e+00 -2.368863220001283382e-03 -4.945964818528169465e-03 9.999849628454787753e-01 1.489107918542484299e+02
9.998193322311121900e-01 -1.897731564890286354e-02 1.079083582972752966e-03 -6.664487223901761626e-01 1.897464654577777840e-02 9.998170066190678051e-01 2.432289264826353360e-03 -2.764304190541927220e+00 -1.125044454075857384e-03 -2.411374606786718944e-03 9.999964597669734889e-01 1.503241800228980480e+02
9.998222118594959351e-01 -1.878609044517138768e-02 1.620960301130762969e-03 -6.694138325018210711e-01 1.878733619896575530e-02 9.998232160907233323e-01 -7.566589668670043248e-04 -2.802220830515062211e+00 -1.606459104087699366e-03 7.869779899102192361e-04 9.999983999749304520e-01 1.516613052615595336e+02
9.998550530846572748e-01 -1.692473383491775382e-02 1.851009785945644968e-03 -6.817326232224006910e-01 1.692987584173430426e-02 9.998527632551796884e-01 -2.798407836674452094e-03 -2.813163885133578290e+00 -1.803374973456900975e-03 2.829339621489533607e-03 9.999943713206704832e-01 1.529971475444680493e+02
9.998626731064209627e-01 -1.632346609918132810e-02 2.859967641812480484e-03 -6.936732825223024257e-01 1.633101093414609378e-02 9.998631684518773932e-01 -2.634848690600318649e-03 -2.841369938712233090e+00 -2.816566494174980832e-03 2.681193056540301205e-03 9.999924390477537006e-01 1.543653436116268267e+02
9.997904609904696427e-01 -2.015602565997030859e-02 3.573343092920497777e-03 -6.851025250175699632e-01 2.015571797798167142e-02 9.997968454037894359e-01 1.221450427227425972e-04 -2.861733708109263308e+00 -3.575079170055250801e-03 -5.009613597284964109e-05 9.999936081268300248e-01 1.556758065162062508e+02
9.996898504425056897e-01 -2.457049559474124706e-02 4.061245431478203646e-03 -6.796316097373477083e-01 2.455855324876132784e-02 9.996939969125457903e-01 2.964786368901940750e-03 -2.895151915121994435e+00 -4.132849014370874353e-03 -2.864128534814664416e-03 9.999873580810453300e-01 1.569882036124333524e+02
9.995938727973228133e-01 -2.816232230400381523e-02 4.355814499677734472e-03 -6.645481682396942036e-01 2.814312336582776297e-02 9.995941849737349783e-01 4.407939128012804825e-03 -2.927735688926376589e+00 -4.478184717465047079e-03 -4.283562734694374222e-03 9.999807982891608660e-01 1.583387620597404748e+02
9.995452397624591256e-01 -2.986799119099052546e-02 4.149316084918593973e-03 -6.632538158032224018e-01 2.984990307299423967e-02 9.995449051828356746e-01 4.354969654124719869e-03 -2.956499894469759138e+00 -4.277502014644435704e-03 -4.229132518121683608e-03 9.999819085413446107e-01 1.597047709621634226e+02
9.995585297838261996e-01 -2.930963586362916179e-02 4.867323250297682542e-03 -6.649435213712482362e-01 2.928661039857545847e-02 9.995598334284846453e-01 4.736433212056112216e-03 -2.951609915939170214e+00 -5.004004029068194297e-03 -4.591794835182985007e-03 9.999769374132547739e-01 1.610253071314214139e+02
9.996461257775083320e-01 -2.601677766345642309e-02 5.545317658894925728e-03 -6.692708131214486489e-01 2.599251720246081171e-02 9.996524406226982018e-01 4.403062914146809587e-03 -2.982468487537359270e+00 -5.657943931680150043e-03 -4.257368034699275661e-03 9.999749309265257846e-01 1.624014188328949331e+02
9.997064283882122204e-01 -2.325114989681752176e-02 6.814771836037447454e-03 -6.763263102107194280e-01 2.323435514027848842e-02 9.997268359935982396e-01 2.533396206298763921e-03 -3.006273270913124573e+00 -6.871814774756634242e-03 -2.374315643216610289e-03 9.999735700400370630e-01 1.637659552345799625e+02
9.997438505853408763e-01 -2.130754060029074054e-02 7.630332616063599527e-03 -6.809562224102775341e-01 2.129483010300813051e-02 9.997717196489394054e-01 1.743205390005515137e-03 -3.024910810918306936e+00 -7.665734309548041282e-03 -1.580272224767739764e-03 9.999693691547640872e-01 1.651068434813528256e+02
9.997755807379478110e-01 -1.978614974246312164e-02 7.569443939931611194e-03 -6.778232402866566364e-01 1.976635230474279789e-02 9.998010308902006704e-01 2.681401406976087302e-03 -3.033873023531187929e+00 -7.620992591567564076e-03 -2.531179355520315165e-03 9.999677562770959982e-01 1.664423262678231765e+02
9.997894815272303504e-01 -1.903938377574500990e-02 7.648172002999368939e-03 -6.965768843467636806e-01 1.902140396948154288e-02 9.998161557389916299e-01 2.416791588817139742e-03 -3.067829267312285335e+00 -7.692780282007163038e-03 -2.270803840645956549e-03 9.999678317686848672e-01 1.678063742680325845e+02
9.998260077894471909e-01 -1.711849321233931132e-02 7.410221098369614359e-03 -6.798137793585520283e-01 1.711631450022459144e-02 9.998534412826483031e-01 3.573567109575589637e-04 -3.087291386834305040e+00 -7.415252600578580572e-03 -2.304588420876281518e-04 9.999724800754152820e-01 1.691508531529572679e+02
9.999081165539686067e-01 -1.162713839808108239e-02 6.969083981694304021e-03 -6.814627408582988322e-01 1.164444514551956147e-02 9.999292047380702320e-01 -2.447935685226210016e-03 -3.121275630757500252e+00 -6.940128237803685866e-03 2.528861914421866655e-03 9.999727193619374344e-01 1.704911664535201226e+02
9.999469144990238423e-01 -7.780606954986630380e-03 6.755024937450241664e-03 -6.882353657574894479e-01 7.804419490257033694e-03 9.999633989096597952e-01 -3.505975484830095926e-03 -3.154688040274873373e+00 -6.727499197871431545e-03 3.558508461036218040e-03 9.999710384620266179e-01 1.719235122834141407e+02
9.999660433658049685e-01 -4.490533808880206416e-03 6.909937660851343810e-03 -6.881075166098776785e-01 4.510683875161732720e-03 9.999856122452355223e-01 -2.903278462957509590e-03 -3.174854904749417006e+00 -6.896801093922111554e-03 2.934348458282382346e-03 9.999719114677343423e-01 1.733091532732902067e+02
9.999734812169883691e-01 -4.333796086265079284e-05 7.282512889612404242e-03 -6.877408923902637028e-01 5.011311904941188888e-05 9.999995661522750323e-01 -9.301526928024274679e-04 -3.219750568530588719e+00 -7.282469546141034054e-03 9.304929910435499538e-04 9.999730495421462750e-01 1.746112443524390301e+02
9.999734332372292034e-01 -7.881877124181393274e-04 7.246488156319932407e-03 -6.717199797030127817e-01 7.792118025803981135e-04 9.999989258794365066e-01 1.241397288892037883e-03 -3.236761837938785469e+00 -7.247458951071449919e-03 -1.235717763981473462e-03 9.999729733004537602e-01 1.760072417756502148e+02
9.999746098515882586e-01 -2.164161801580181954e-03 6.789408557895334345e-03 -6.859399534124087650e-01 2.148707313286315861e-03 9.999950860720902002e-01 2.282736098344602914e-03 -3.269007719742466733e+00 -6.794315520816824119e-03 -2.268089700552352282e-03 9.999743461896751784e-01 1.774146498224754112e+02
9.999812521624708017e-01 -3.398601403069040176e-03 5.093608247827803755e-03 -7.053799069728107218e-01 3.387616360509377103e-03 9.999919211569664457e-01 2.163716601038387886e-03 -3.279286618866414482e+00 -5.100920793619645802e-03 -2.146420858017260985e-03 9.999846866219095354e-01 1.788073980070162179e+02
9.999912245515045761e-01 -2.855416581602099324e-03 3.065522058193233430e-03 -6.953943141693268437e-01 2.859365374149896825e-03 9.999950870117899626e-01 -1.284514291507640564e-03 -3.319261429426248355e+00 -3.061839227821159734e-03 1.293268483669515224e-03 9.999944762811370236e-01 1.802008162700490743e+02
9.999973297920580206e-01 -1.699546228948569868e-03 1.565872487846077391e-03 -7.125121522884120262e-01 1.708343455594184095e-03 9.999826697125384634e-01 -5.633989258480457361e-03 -3.345386123283485613e+00 -1.556270157619852722e-03 5.636649317012643219e-03 9.999829029561716487e-01 1.815878595359992289e+02
9.999979060847542511e-01 1.574282579517643707e-03 1.307462940196952098e-03 -7.158794890288185941e-01 -1.566137104228133500e-03 9.999795048277045906e-01 -6.207829169124093847e-03 -3.364836648622143933e+00 -1.317209049562897364e-03 6.205768561381759182e-03 9.999798764945853069e-01 1.829502583076920814e+02
9.999934448395660924e-01 3.391187081759252514e-03 1.268906402721606914e-03 -7.158600196457914899e-01 -3.384540644829073935e-03 9.999807317671587370e-01 -5.203939495023778353e-03 -3.393250915949014956e+00 -1.286529512975947975e-03 5.199610763667932185e-03 9.999856543406547837e-01 1.843058090088110532e+02
9.999938187380522647e-01 3.400049842584768056e-03 8.956235889602898398e-04 -7.453897489155516531e-01 -3.397619177326052439e-03 9.999905785897000854e-01 -2.701651838741350904e-03 -3.416055748321398244e+00 -9.048009203513752811e-04 2.698592174493414167e-03 9.999959494587052911e-01 1.857632762047000199e+02
9.999894904885414659e-01 4.340496923220691847e-03 1.476141177312156319e-03 -7.588695164200438548e-01 -4.339546455430090890e-03 9.999903751414104258e-01 -6.465055462814934747e-04 -3.458007891641494247e+00 -1.478933151646487669e-03 6.400929728130715091e-04 9.999987015169322646e-01 1.871775174654520129e+02
9.999810811449958425e-01 6.013061816998293771e-03 1.296314020419153364e-03 -7.597369568872875956e-01 -6.013634529115912883e-03 9.999818218787067670e-01 4.383186243820088104e-04 -3.482101499098819719e+00 -1.293654841488554169e-03 -4.461058977762426964e-04 9.999990637220548262e-01 1.886144704934377785e+02
9.999865279846393840e-01 5.038898565122653522e-03 1.246331684454858070e-03 -7.600464957868914295e-01 -5.039949181397111039e-03 9.999869455375404170e-01 8.412348615315532949e-04 -3.505087716281966248e+00 -1.242076538371871984e-03 -8.475049869346648612e-04 9.999988694891785990e-01 1.900000913589350660e+02
9.999948511712560828e-01 2.981545500549014072e-03 1.186597428421752457e-03 -7.566530780975420090e-01 -2.983362215662459932e-03 9.999943759500645735e-01 1.532195605510204561e-03 -3.536224206555148797e+00 -1.182022463382285471e-03 -1.535727781545266624e-03 9.999981221791284236e-01 1.913827836658258263e+02
9.999985463637242056e-01 6.682402021749959953e-04 1.568670261910608960e-03 -7.785542870481332312e-01 -6.702809661721011864e-04 9.999989293427592463e-01 1.300783500598414084e-03 -3.566650556926223459e+00 -1.567799372585770758e-03 -1.301833070534395669e-03 9.999979236147996664e-01 1.928571410878580252e+02
9.999963280897291584e-01 -1.248031098366009922e-03 2.405458586419860229e-03 -7.640643827894191276e-01 1.242253679861449710e-03 9.999963440748810273e-01 2.401799289373848269e-03 -3.587357749892392533e+00 -2.408447351801937166e-03 -2.398802299343469509e-03 9.999942225463842593e-01 1.942110238779594624e+02
9.999734405527801462e-01 -6.786412412579982678e-03 2.657595040385134482e-03 -7.769813516440704504e-01 6.776306946317931304e-03 9.999698460846560000e-01 3.793227193051571834e-03 -3.614724642319998349e+00 -2.683257349839346818e-03 -3.775117794751912427e-03 9.999892742489260300e-01 1.956542089401456508e+02
9.999575840919179281e-01 -8.893745951042215242e-03 2.394017354714687764e-03 -7.578761706600347647e-01 8.884582964387176263e-03 9.999532680388497630e-01 3.811286828148901552e-03 -3.636898519565150867e+00 -2.427802131958011096e-03 -3.789855349495364033e-03 9.999898713341267564e-01 1.970480025706669380e+02
9.999673611475470292e-01 -7.592521728224272196e-03 2.762294471960175576e-03 -7.705565496756013877e-01 7.591834086912796833e-03 9.999711479704389561e-01 2.593612286836168013e-04 -3.664774366840954922e+00 -2.764184026744728219e-03 -2.383818764053712014e-04 9.999961512211171799e-01 1.984512013551561438e+02
9.999924853759524224e-01 -1.962642852074683066e-03 3.343236869241362780e-03 -7.845041809352133466e-01 1.976127304217319136e-03 9.999899074755924655e-01 -4.034831458299649107e-03 -3.693750588705831728e+00 -3.335284255706563120e-03 4.041407841327777743e-03 9.999862713539756642e-01 1.999260356978679454e+02
9.999781094189396091e-01 5.075601930188718483e-03 4.244872673286025251e-03 -8.010847562543117473e-01 -5.055256473864440034e-03 9.999757496958984193e-01 -4.790032620181768411e-03 -3.709686302271928415e+00 -4.269082111507118207e-03 4.768468887733461926e-03 9.999795181082240525e-01 2.013128727620135408e+02
9.999183102586218785e-01 1.157108566166770679e-02 5.429803933433039603e-03 -8.107359481400211454e-01 -1.155969089386501246e-02 9.999309259694610930e-01 -2.125290382539442996e-03 -3.733136795611959879e+00 -5.454020889577460701e-03 2.062349928903651694e-03 9.999830000361950022e-01 2.027743009459800021e+02
9.998976169461530894e-01 1.283560087334576806e-02 6.324789222367501948e-03 -8.246262661427762319e-01 -1.284231772824618971e-02 9.999170112487919537e-01 1.022504527668019123e-03 -3.767366281080252843e+00 -6.311139985549363805e-03 -1.103624806612593656e-03 9.999794755475868158e-01 2.042056370242516437e+02
9.999022649486347669e-01 1.273233731449044739e-02 5.774783090321975072e-03 -8.119549850800839019e-01 -1.274075203458619431e-02 9.999178212307869851e-01 1.422690134525022958e-03 -3.808384495725913421e+00 -5.756194454636381561e-03 -1.496126184610357783e-03 9.999823137559232800e-01 2.056630493632334549e+02
9.999473497006508005e-01 9.191218875426185667e-03 4.562818270876649838e-03 -8.107599232214669494e-01 -9.197057122407734792e-03 9.999569121229970881e-01 1.260180597020765791e-03 -3.827770241781933702e+00 -4.551039151569079982e-03 -1.302078762624718500e-03 9.999887962511296857e-01 2.070925077391413254e+02
9.999526501349810248e-01 8.899648356987744507e-03 3.936208237720272354e-03 -8.161390167317996713e-01 -8.902449666696812119e-03 9.999601310970234191e-01 6.947109569135235391e-04 -3.847115885966132964e+00 -3.929868690468849186e-03 -7.297199674802367503e-04 9.999920117859676383e-01 2.085304250633043921e+02
9.999537818300756609e-01 8.938956997482327277e-03 3.539666521572398458e-03 -8.152359811062083184e-01 -8.939941187052366511e-03 9.999600035337508075e-01 2.623003730572838824e-04 -3.877504178817212210e+00 -3.537180317551227512e-03 -2.939326662474350468e-04 9.999937009573107716e-01 2.099819659464742472e+02
9.999427567458634147e-01 1.018721086026230099e-02 3.271689331241747507e-03 -8.151955571051849869e-01 -1.018826166118337595e-02 9.999480519173410409e-01 3.046484271008826836e-04 -3.901662646218704289e+00 -3.268415912803978446e-03 -3.379638222542275319e-04 9.999946016021993289e-01 2.114143982776133441e+02
9.999321489268752083e-01 1.116789183697995853e-02 3.312961994277869790e-03 -8.198319878800867100e-01 -1.117031986114048157e-02 9.999373542255356462e-01 7.152622957270430432e-04 -3.932277391203404360e+00 -3.304766536911627785e-03 -7.522206212798440358e-04 9.999942563224955006e-01 2.128976171639846768e+02
9.999294007424857078e-01 1.155340915338479157e-02 2.777093625580422109e-03 -8.316921833117033591e-01 -1.155466602692384152e-02 9.999331471672854299e-01 4.369342036020821760e-04 -3.966110932215179741e+00 -2.771859938106997680e-03 -4.689917556053571288e-04 9.999960484099702507e-01 2.143905143468433607e+02
9.999241808413062982e-01 1.191502717613123277e-02 3.108806398693724285e-03 -8.392505898423603394e-01 -1.191470335736705653e-02 9.999290098869588750e-01 -1.226931921922535390e-04 -3.994017454156278291e+00 -3.110047652028536530e-03 8.564337895332861661e-05 9.999951601205860907e-01 2.158423612572727563e+02
9.999214658607847861e-01 1.231839037521678497e-02 2.306371283637501275e-03 -8.224258225207266015e-01 -1.231693331883278522e-02 9.999239357233042913e-01 -6.449382938488257624e-04 -4.027124663719450659e+00 -2.314140494727872071e-03 6.164802220160548255e-04 9.999971323472013340e-01 2.173150812041573658e+02
9.999370310616502167e-01 1.106758535525738732e-02 1.855383271383724249e-03 -8.333793312200304948e-01 -1.106630686187735392e-02 9.999385229613311221e-01 -6.979770590975174771e-04 -4.032245574902892038e+00 -1.862994162597993858e-03 6.774008677677802528e-04 9.999980351871310402e-01 2.188013110554188358e+02
9.999172989215465712e-01 1.274713647577045694e-02 1.704642642646983725e-03 -8.530776792115225549e-01 -1.274569106652670598e-02 9.999184038424252519e-01 -8.561784541477220067e-04 -4.074321889100209759e+00 -1.715417405718459160e-03 8.343807990611948333e-04 9.999981805729857287e-01 2.202383040099950904e+02
9.999296933912016350e-01 1.173037565662564050e-02 1.733938028610443197e-03 -8.538973318119115197e-01 -1.172853940002898006e-02 9.999306506792564608e-01 -1.065466447912986371e-03 -4.103985691985629458e+00 -1.746316135259809573e-03 1.045054981071536632e-03 9.999979291165737028e-01 2.216794167314970991e+02
9.999163784419593526e-01 1.288317128342754761e-02 1.122496130698691624e-03 -8.514659923529918073e-01 -1.288202481509853267e-02 9.999165002237105915e-01 -1.022762160767306562e-03 -4.128255854184123663e+00 -1.135578844514999316e-03 1.008216614053797540e-03 9.999988469784221179e-01 2.232394169134990420e+02
9.999085843178813215e-01 1.349074672758850818e-02 9.070473851777167799e-04 -8.575987721797451169e-01 -1.348982749295762375e-02 9.999084958806206958e-01 -1.012149508051539588e-03 -4.159495827611494612e+00 -9.206190574903471346e-04 9.998210695187376845e-04 9.999990764080246564e-01 2.247211507519909048e+02
9.999057012356302732e-01 1.370793346294178587e-02 8.253307896238595582e-04 -8.834296785235327132e-01 -1.370696381884961741e-02 9.999053713584037384e-01 -1.169400968634232846e-03 -4.179832531689891439e+00 -8.412827773767014763e-04 1.157977918082100932e-03 9.999989756639910965e-01 2.262006296462954538e+02
9.999077219918912629e-01 1.357741255968275204e-02 4.487127992737618499e-04 -8.756054504542484240e-01 -1.357679753662831799e-02 9.999069242716256412e-01 -1.346621408539558189e-03 -4.223426233722312517e+00 -4.669546801184168818e-04 1.340405065378792032e-03 9.999989926328282097e-01 2.276862137100995085e+02
9.999071347048387182e-01 1.361050054165945794e-02 6.900837888721769731e-04 -8.864594992834378129e-01 -1.360944699672962492e-02 9.999062482125284923e-01 -1.509226623196349357e-03 -4.255317383322081426e+00 -7.105604371144773725e-04 1.499694814547006434e-03 9.999986230080752936e-01 2.291976825685952406e+02
9.999352817914320957e-01 1.136310630287885003e-02 5.585897795966220276e-04 -8.941370819391076807e-01 -1.136226679917341255e-02 9.999343462679676220e-01 -1.483937069293812284e-03 -4.280564778847193885e+00 -5.754152532392753806e-04 1.477494191564296747e-03 9.999987429527643634e-01 2.307030177868951455e+02
9.999468838792253678e-01 1.027342927847051460e-02 8.282827836470999655e-04 -8.946498000580335175e-01 -1.027310137317110662e-02 9.999471505977465258e-01 -3.992738146424449838e-04 -4.325168636014225854e+00 -8.323409365118644666e-04 3.907435709065917862e-04 9.999995772633057944e-01 2.321658524853018832e+02
9.999433105477781858e-01 1.063011468621526644e-02 6.134596755332648614e-04 -9.031820083859258830e-01 -1.062987489457982090e-02 9.999434240770022075e-01 -3.929701776024833657e-04 -4.353307293477044482e+00 -6.176022986721207541e-04 3.864268973877427182e-04 9.999997346203215454e-01 2.336612054346605305e+02
9.999469549515073163e-01 1.026983865131684236e-02 7.859252606822471994e-04 -9.105540262149417474e-01 -1.026941119838878369e-02 9.999471190919351216e-01 -5.461074593068535044e-04 -4.379813096505216663e+00 -7.914921509801028541e-04 5.380074997976000764e-04 9.999995420433425153e-01 2.351471838357075512e+02
9.999357613346984142e-01 1.123137461620663143e-02 1.526239994378433525e-03 -9.236579442524550654e-01 -1.122936782913112538e-02 9.999360811278384942e-01 -1.317185994222587302e-03 -4.409943085651444328e+00 -1.540936277201421884e-03 1.299962675140711559e-03 9.999979678029631280e-01 2.366612045709998426e+02
9.999249899250925999e-01 1.215186758229003065e-02 1.531866830967271338e-03 -9.187801829236152962e-01 -1.215086887382328673e-02 9.999259578948436200e-01 -6.596495429904581514e-04 -4.437726579258106874e+00 -1.539769410700193766e-03 6.409865484093366789e-04 9.999986091211109374e-01 2.382020914470110995e+02
9.999291567456989327e-01 1.177577484410273490e-02 1.735683185843887606e-03 -9.387359668448146399e-01 -1.177808924256748199e-02 9.999297524222802158e-01 1.329231775983071365e-03 -4.476327038202264852e+00 -1.719908553917312002e-03 -1.349580659425797351e-03 9.999976102694158042e-01 2.396921288064528142e+02
9.999286538422610393e-01 1.164108201081243479e-02 2.678136630221326312e-03 -9.334167030509923357e-01 -1.164694958162140921e-02 9.999297829317252972e-01 2.185816476641878892e-03 -4.498388310016181890e+00 -2.652503355509793978e-03 -2.216852675440429341e-03 9.999940248756801209e-01 2.412066028649358032e+02
9.999191902915348651e-01 1.230955434870817551e-02 3.176120074331365440e-03 -9.403958891835910716e-01 -1.231157983766527700e-02 9.999240180887796203e-01 6.189304954701416520e-04 -4.525472939423446306e+00 -3.168260043577413379e-03 -6.579835475128935351e-04 9.999947645772008231e-01 2.427558914383303090e+02
9.999256395599456226e-01 1.173649461315801230e-02 3.312103024672561572e-03 -9.575779329842799559e-01 -1.173403727936594976e-02 9.999308646909802478e-01 -7.604146715400597265e-04 -4.553324340653039926e+00 -3.320798703456042354e-03 7.214937878620274886e-04 9.999942258523647487e-01 2.442276684915028966e+02
9.999133961809869575e-01 1.263197475857610365e-02 3.692334190214701436e-03 -9.687879213696123371e-01 -1.263092470274801253e-02 9.999201793891383527e-01 -3.075975999593380181e-04 -4.575925903685708285e+00 -3.695925096471605088e-03 2.609333626390807417e-04 9.999931359996705460e-01 2.457599542323395951e+02
9.999120796587960269e-01 1.282880325009375100e-02 3.354808343918414502e-03 -9.587844457472374238e-01 -1.283127273222262575e-02 9.999174197911285811e-01 7.155859381077133916e-04 -4.611314293490560878e+00 -3.345351250451148416e-03 -7.585694972653570997e-04 9.999941165791852438e-01 2.472850181681087349e+02
9.999168056828052764e-01 1.241566124045818086e-02 3.497577664958872231e-03 -9.748695767578583471e-01 -1.242030820980687643e-02 9.999220068625960245e-01 1.310022813685703981e-03 -4.647665049766911416e+00 -3.481040138706461597e-03 -1.353354837761350064e-03 9.999930253686024617e-01 2.488040050384369124e+02
9.999071758148089240e-01 1.332532856403549626e-02 2.841716111312168891e-03 -9.622543311627660412e-01 -1.332879798268112037e-02 9.999104410486059358e-01 1.205426121897680211e-03 -4.681214749993842794e+00 -2.825398960174937621e-03 -1.243190907348837478e-03 9.999952357854131613e-01 2.503166199674330414e+02
9.998784136856141425e-01 1.522447475335277425e-02 3.372415825443713516e-03 -9.827044883950263321e-01 -1.522967874326298932e-02 9.998828621395325911e-01 1.522798319678986961e-03 -4.703548177118613616e+00 -3.348837041347223296e-03 -1.573973999922858268e-03 9.999931539226426525e-01 2.519020768040098517e+02
9.998606110360199750e-01 1.625226494925122861e-02 3.823918877623292984e-03 -9.719850325417154213e-01 -1.625746934982217826e-02 9.998669489302821622e-01 1.333851224105194952e-03 -4.729775787089868011e+00 -3.801732063782629727e-03 -1.395832564649949689e-03 9.999917992063634964e-01 2.534133410331667164e+02
9.998390148769725760e-01 1.755760329683290349e-02 3.697954335695579665e-03 -9.889036175096053150e-01 -1.756353983699815782e-02 9.998445023298880852e-01 1.579007188334351913e-03 -4.758908256128021819e+00 -3.669655794356075241e-03 -1.643702184013300614e-03 9.999919158997840896e-01 2.549155220324379059e+02
9.998750592498637513e-01 1.540367014449392676e-02 3.548635017290705396e-03 -9.757302360999524637e-01 -1.541031188785075418e-02 9.998795391019464907e-01 1.851918675151267499e-03 -4.787310211563562845e+00 -3.519681261841582903e-03 -1.906372892527277707e-03 9.999919887588618606e-01 2.564684093760457699e+02
9.999064178131641389e-01 1.330947498921871038e-02 3.164406698375693029e-03 -9.639636943954342785e-01 -1.331755438046344255e-02 9.999080762014109780e-01 2.545961106623640703e-03 -4.815484867387588963e+00 -3.130230461566100349e-03 -2.587865038545368677e-03 9.999917522700701999e-01 2.580137011599728680e+02
9.999440092378842904e-01 9.973153925211367815e-03 3.537594596808239355e-03 -9.829181834404715490e-01 -9.985424101589231508e-03 9.999441307654471922e-01 3.467949198469185215e-03 -4.844886603747265319e+00 -3.502810621374385838e-03 -3.503079443661329118e-03 9.999877292988564870e-01 2.595432396257886580e+02
9.999549558054162679e-01 8.931504745230045908e-03 3.211630477554074017e-03 -9.960979226550197296e-01 -8.940869791997704125e-03 9.999557851577145495e-01 2.913519083031657769e-03 -4.867812940005595834e+00 -3.185466419653210698e-03 -2.942102646198624383e-03 9.999905983718508917e-01 2.610916053600740838e+02
9.999727849419407510e-01 6.634201256351598963e-03 3.227497616228252198e-03 -9.809619933586392060e-01 -6.641558390482804608e-03 9.999753586794769555e-01 2.274147774032232207e-03 -4.897055898021592135e+00 -3.212330986587858071e-03 -2.295521519627149488e-03 9.999922057230099526e-01 2.626310381298545167e+02
9.999778499482457894e-01 5.816925556992758040e-03 3.234653500237282247e-03 -9.987879721142030043e-01 -5.829064000594861086e-03 9.999759572087602022e-01 3.755932296043774151e-03 -4.921071877601977285e+00 -3.212727804317219889e-03 -3.774704140026979415e-03 9.999877149171787494e-01 2.641832174911186257e+02
9.999894462006388984e-01 2.743310925279216633e-03 3.685340188778119495e-03 -9.871559151450621794e-01 -2.763414694772885552e-03 9.999812698530076149e-01 5.461088364231242616e-03 -4.933689915096439726e+00 -3.670289757228306724e-03 -5.471214901047724566e-03 9.999782971530297715e-01 2.657186189445156401e+02
9.999866781214078459e-01 3.107406711710222064e-03 4.121601982528673783e-03 -9.846556302310076614e-01 -3.126010340952322178e-03 9.999849215424022608e-01 4.514947606617632919e-03 -4.966496255325009379e+00 -4.107510123896701039e-03 -4.527771669447018532e-03 9.999813136453711282e-01 2.672940851267637754e+02
9.999884555804400277e-01 2.351812974674362053e-03 4.190188869251180656e-03 -9.889194915413351827e-01 -2.368549826945700459e-03 9.999892196446720227e-01 3.993816418590182341e-03 -4.987033790940547995e+00 -4.180751057192401768e-03 -4.003695017998311866e-03 9.999832457307429312e-01 2.687880987892623921e+02
9.999806115807129414e-01 3.104739094977305991e-03 5.397875421329575291e-03 -1.013479677371300181e+00 -3.124100263489817952e-03 9.999887042741313348e-01 3.582084122500040629e-03 -5.009675498853926712e+00 -5.386693102062038198e-03 -3.598878205848524223e-03 9.999790155832584126e-01 2.703333267018533093e+02
9.999709802299797667e-01 4.709631571081366805e-03 5.988160589459469267e-03 -1.018479200249788885e+00 -4.733655384406922767e-03 9.999807798425156546e-01 4.004055466717292705e-03 -5.036236920159703701e+00 -5.969187970152514677e-03 -4.032285193408360544e-03 9.999740543955549787e-01 2.718496625552593287e+02
9.999614571028810905e-01 5.475086237105462536e-03 6.863507690580457864e-03 -1.044868179933922114e+00 -5.498542277849202339e-03 9.999790915933152169e-01 3.403295255841937237e-03 -5.055505194420586434e+00 -6.844730966458636469e-03 -3.440903399328862876e-03 9.999706544863115054e-01 2.733928732104218966e+02
9.999488710718662521e-01 6.190568552067825941e-03 7.995755214281519835e-03 -1.026229337167564815e+00 -6.216812647770200706e-03 9.999753563903774900e-01 3.261573768198641234e-03 -5.082690469837957359e+00 -7.975367309685305744e-03 -3.311115146970281756e-03 9.999627143165938925e-01 2.749577062693390417e+02
9.999393887485960031e-01 6.970369601540573126e-03 8.522486380565174116e-03 -1.026517420023566940e+00 -6.998254686304918037e-03 9.999702418869337306e-01 3.246503421965226625e-03 -5.113119432514224627e+00 -8.499603583522140002e-03 -3.305949204994803551e-03 9.999584128496727953e-01 2.764950213859808059e+02
9.999292842129642311e-01 7.270699046155860643e-03 9.410818588896042655e-03 -1.035697762626317964e+00 -7.295936046570790021e-03 9.999698725721819503e-01 2.650146875587751968e-03 -5.135228562857267143e+00 -9.391266805622910940e-03 -2.718620220336342638e-03 9.999522054582486996e-01 2.780742490679516550e+02
9.999207072711184807e-01 7.049242420593180777e-03 1.043491020691450846e-02 -1.025466695544978046e+00 -7.072458835699178478e-03 9.999725925178447605e-01 2.189646575321886439e-03 -5.160967585929045143e+00 -1.041918904181598181e-02 -2.263273441269681059e-03 9.999431574248457411e-01 2.796019059520061205e+02
9.999068678651914510e-01 7.899826709266361338e-03 1.112871656237364622e-02 -1.022152096750081451e+00 -7.926439770434074578e-03 9.999658255798192785e-01 2.349306204493766329e-03 -5.191999627705427223e+00 -1.110977732395899455e-02 -2.437298527810510644e-03 9.999353141132443223e-01 2.811390964586777272e+02
9.999141507582525179e-01 4.767821575377721374e-03 1.220487592594374573e-02 -1.009385716752316142e+00 -4.802547643761792898e-03 9.999844984053366526e-01 2.817533237824465953e-03 -5.205035935200315045e+00 -1.219125344407326686e-02 -2.875905871345906233e-03 9.999215481681313911e-01 2.827092317527561249e+02
9.999198807843430181e-01 3.972453409338454547e-03 1.201880331076564563e-02 -9.990422872645839947e-01 -4.012503342859029959e-03 9.999864717911776113e-01 3.309993700269151483e-03 -5.250851164870871557e+00 -1.200549212731275191e-02 -3.357954017168280920e-03 9.999222931258074931e-01 2.842837030432901315e+02
9.999158803719440103e-01 3.362455875401253527e-03 1.252701397128339923e-02 -9.821610358970778165e-01 -3.378739734395154459e-03 9.999934741707111607e-01 1.278960458065242847e-03 -5.291798099381017195e+00 -1.252263198998005735e-02 -1.321178395154785738e-03 9.999207159375618215e-01 2.857880920729939476e+02
9.999312192952426459e-01 2.315654015310164918e-03 1.149758386498941909e-02 -9.837030426451163212e-01 -2.304294726374592553e-03 9.999968439868536230e-01 -1.001122698850267709e-03 -5.305101413434694990e+00 -1.149986603252278056e-02 9.745600370371096735e-04 9.999333994321495389e-01 2.873566064054035110e+02
9.999360300867481399e-01 2.446687586459338898e-03 1.104307307871350667e-02 -9.592491821688994280e-01 -2.436977492763300543e-03 9.999966321413691350e-01 -8.926653127000767213e-04 -5.333523441190601844e+00 -1.104522015264654440e-02 8.656965048976922317e-04 9.999386249504446100e-01 2.888734015902268766e+02
9.999412681457264807e-01 1.061183111001850338e-03 1.078583147824787279e-02 -9.588556003759928226e-01 -1.051308030407155023e-03 9.999990230808617486e-01 -9.211899311641121718e-04 -5.366581865736384849e+00 -1.078679868028441929e-02 9.097966143266087227e-04 9.999414068989511684e-01 2.904353683193268125e+02
9.999547451245928142e-01 1.633648641160069179e-03 9.372241115119823301e-03 -9.381850768089083914e-01 -1.617457119679687264e-03 9.999971869309329797e-01 -1.734925370860664236e-03 -5.398175999907393496e+00 -9.375049172922441873e-03 1.719687682246906664e-03 9.999545745259298402e-01 2.920122265739893237e+02
9.999554627667093243e-01 1.796543747776083513e-03 9.265253463814413296e-03 -9.402457043555707550e-01 -1.783103771180228475e-03 9.999973464580126370e-01 -1.458636860616883447e-03 -5.435017292079391105e+00 -9.267849545000997336e-03 1.442051009145833146e-03 9.999560127535169762e-01 2.935463321084253039e+02
9.999668074364335135e-01 1.035601511129455310e-03 8.081556977923960716e-03 -9.249783846576298263e-01 -1.022985963104180301e-03 9.999982521239833000e-01 -1.565008277393501943e-03 -5.459399836506190873e+00 -8.083163718809032242e-03 1.556689032470514981e-03 9.999661190125641586e-01 2.950901819911450730e+02
9.999684319338432159e-01 1.227572281305057064e-03 7.850363669016967652e-03 -9.352159359213010337e-01 -1.218228807668276029e-03 9.999985441036970402e-01 -1.194868848378089973e-03 -5.496736925798647810e+00 -7.851819164757951539e-03 1.185267606806458644e-03 9.999684715361412124e-01 2.966631448761861520e+02
9.999775991560972965e-01 8.871449103048292123e-04 6.634317359049229403e-03 -9.154474046554958999e-01 -8.878733721860206790e-04 9.999996001320192729e-01 1.068564625341002217e-04 -5.533760190086917774e+00 -6.634220023891039021e-03 -1.127444981035043148e-04 9.999779869601235216e-01 2.982181941372381289e+02
9.999787193838067800e-01 1.003262373486168632e-03 6.446258651273666790e-03 -9.160303657852125747e-01 -1.011946870381563376e-03 9.999985846879686502e-01 1.344093438144977962e-03 -5.547778557519510656e+00 -6.444901159883334278e-03 -1.350588113428355039e-03 9.999783193413450677e-01 2.998103122233995350e+02
9.999724541060507343e-01 2.215123460212910581e-03 7.084085129007981763e-03 -9.077012225215427277e-01 -2.224540619354644505e-03 9.999966522147472059e-01 1.321734538083288620e-03 -5.574078495454505067e+00 -7.081133729433457084e-03 -1.337456972137755599e-03 9.999740340354635881e-01 3.013593216965065267e+02
9.999666622800814642e-01 2.745784353693554725e-03 7.689928565638087105e-03 -9.096867067977747467e-01 -2.755837956585079074e-03 9.999953614634985444e-01 1.297078837866640771e-03 -5.608386717412742861e+00 -7.686331529001593638e-03 -1.318227800169271928e-03 9.999695908244395914e-01 3.029775475654457750e+02
9.999625783737673412e-01 2.706530872844409991e-03 8.216845381207231111e-03 -9.243489912200488767e-01 -2.715577611543514014e-03 9.999957187197764386e-01 1.090039079133273831e-03 -5.640690215250527828e+00 -8.213860119645989208e-03 -1.112311773973402237e-03 9.999656470370942296e-01 3.045820024827441443e+02
9.999677734923364536e-01 7.330480240049560420e-04 7.994662352567535532e-03 -8.910509720823107660e-01 -7.336803406420393248e-04 9.999997279571193332e-01 7.615898563738225657e-05 -5.659312011722485991e+00 -7.994604487909612658e-03 -8.202205176570821071e-05 9.999680392699363818e-01 3.062004390460883769e+02
9.999623010897044084e-01 -1.403760668826720993e-03 8.568889584625469236e-03 -8.971129865238997025e-01 1.416392877031272084e-03 9.999979189559478066e-01 -1.468302650344375897e-03 -5.698044462636121743e+00 -8.566810756432598206e-03 1.480384233627745141e-03 9.999622083883755730e-01 3.077853021755594796e+02
9.999654935851078896e-01 -1.525516166915695873e-03 8.166054900312146730e-03 -8.903742812970533160e-01 1.545162080286287265e-03 9.999959261487840756e-01 -2.400032830660347657e-03 -5.727407324846788939e+00 -8.162360487536546305e-03 2.412567923309127081e-03 9.999637770322289398e-01 3.093964346336497897e+02
9.999787400924514680e-01 -9.876559576610030589e-04 6.445456459793206562e-03 -9.037108363465381489e-01 1.006889935749436665e-03 9.999950482504331717e-01 -2.981550931555756491e-03 -5.759936888684069167e+00 -6.442479911178754931e-03 2.987977443417400188e-03 9.999747828993252874e-01 3.110015284302751866e+02
9.999881670068549999e-01 -1.975564392672317371e-04 4.860743205065368167e-03 -9.135766360068070524e-01 2.109999126265263425e-04 9.999961541059276815e-01 -2.765366614317291485e-03 -5.789673634611139263e+00 -4.860178281873863380e-03 2.766359538206302794e-03 9.999843628352750313e-01 3.126024191395248977e+02
9.999902027918770031e-01 9.714094759876775592e-04 4.318644211526567918e-03 -9.018245401445923459e-01 -9.713610089289552441e-04 9.999995281409481684e-01 -1.332215869516428786e-05 -5.826608998068105727e+00 -4.318655189893845676e-03 9.127068975215563151e-06 9.999906745206698089e-01 3.142319536481023192e+02
9.999891783084631225e-01 9.005998134808609890e-05 4.651361215301656402e-03 -9.023026445187393163e-01 -1.034702781210535688e-04 9.999958389931330460e-01 2.882930770916199495e-03 -5.852934482185069953e+00 -4.651082302143315535e-03 -2.883380872626377031e-03 9.999850266592313908e-01 3.158578180035988225e+02
9.999872357463520656e-01 -3.089926275536480568e-04 5.043101737881991106e-03 -8.944208713781530706e-01 2.899469193574678860e-04 9.999928255227742424e-01 3.776881293120715796e-03 -5.880738774901448807e+00 -5.044232668559947043e-03 -3.775370882049994790e-03 9.999801509458753346e-01 3.174681412129029923e+02
9.999872584654664331e-01 -1.681257695351281133e-03 4.759862252600029556e-03 -8.862610362940203101e-01 1.667714756405827559e-03 9.999945544172900158e-01 2.847781509576151424e-03 -5.912459489729148920e+00 -4.764624266652047954e-03 -2.839807152462539737e-03 9.999846168043204919e-01 3.191029465212535570e+02
9.999841861884137817e-01 -1.716242474239466041e-03 5.355548061872590290e-03 -8.958791882877310542e-01 1.703282654859634808e-03 9.999956126951697888e-01 2.423512930262927516e-03 -5.926970007615431690e+00 -5.359683991668926298e-03 -2.414352609189292578e-03 9.999827221919871389e-01 3.207123021349706278e+02
9.999836398835831863e-01 -2.136878400770804605e-03 5.306008552877001204e-03 -8.793018990881529273e-01 2.121677824650222005e-03 9.999936343066602173e-01 2.868767122969359887e-03 -5.956036356155645528e+00 -5.312105072068473710e-03 -2.857462568766777448e-03 9.999818080550509913e-01 3.223415621480034474e+02
9.999798438194322792e-01 -2.144444288390489999e-03 5.976062689180387105e-03 -8.906057410942873620e-01 2.126940143739397028e-03 9.999934342603817861e-01 2.933863862825577141e-03 -5.989488782200782957e+00 -5.982315060170562311e-03 -2.921094019505246758e-03 9.999778393090168471e-01 3.239512192947874496e+02
9.999770687485431964e-01 -1.595216110986137810e-03 6.581585983336968315e-03 -8.865661968719004138e-01 1.579464802869335292e-03 9.999958780444699880e-01 2.397745097322676565e-03 -6.021649882288440558e+00 -6.585383887592991502e-03 -2.387294745344893318e-03 9.999754664664930459e-01 3.255760381840007653e+02
9.999751980013360519e-01 -9.424664188442920254e-04 6.979623910648074213e-03 -8.752521129729180505e-01 9.299944022945040925e-04 9.999979655928372679e-01 1.789949295615642089e-03 -6.043859029823737572e+00 -6.981296797487176672e-03 -1.783413899395833169e-03 9.999740401236978382e-01 3.272034296822105830e+02
9.999671324096138791e-01 -1.709637883513311953e-03 7.925355006877151873e-03 -8.858726228368243305e-01 1.686210884410685798e-03 9.999941925006026189e-01 2.961697845313359789e-03 -6.070268994113903638e+00 -7.930372545629123249e-03 -2.948236700121720059e-03 9.999642079005915951e-01 3.288572345618658801e+02
9.999663875836132254e-01 -3.032734068055089813e-03 7.617495801481532353e-03 -8.696064887465468907e-01 3.000634351529375340e-03 9.999865859972150162e-01 4.221849429955978547e-03 -6.113131654162718753e+00 -7.630197494886655982e-03 -4.198850233219210068e-03 9.999620741479088304e-01 3.304558636960481408e+02
9.999656534527512353e-01 -3.125559552379598635e-03 7.676119316759573777e-03 -8.587183937969786740e-01 3.099984717302420659e-03 9.999896125638176869e-01 3.341384857998770750e-03 -6.145755863277234887e+00 -7.686483408616803618e-03 -3.317474261576717261e-03 9.999649555501003428e-01 3.320620986616783057e+02
9.999672483312824767e-01 -2.257667243590971706e-03 7.772079347792863399e-03 -8.528515512058161274e-01 2.230990791916073052e-03 9.999915968852827186e-01 3.439307197568036538e-03 -6.179059596245576991e+00 -7.779778980626906280e-03 -3.421855139722191404e-03 9.999638823164150869e-01 3.337019188563515968e+02
9.999719729950629077e-01 -1.072747949334180474e-03 7.409618588712876819e-03 -8.680105038205276902e-01 1.062405245603574577e-03 9.999984561427706087e-01 1.399644562899920487e-03 -6.177818972363516181e+00 -7.411108742077814580e-03 -1.391733322576232251e-03 9.999715688640389288e-01 3.353179738352671393e+02
9.999749081152096153e-01 1.061897063743282368e-03 7.003964706811744226e-03 -8.715266212401368007e-01 -1.053015160413577414e-03 9.999986369790290208e-01 -1.271692324534060697e-03 -6.235618410818906554e+00 -7.005305689183355215e-03 1.264285151715673419e-03 9.999746633120430994e-01 3.369221066756810501e+02
9.999776410277487759e-01 2.041177913115196224e-03 6.367969985185953016e-03 -8.801471451924370859e-01 -2.036915522334972403e-03 9.999976971577293483e-01 -6.757650008104689257e-04 -6.267858506126968265e+00 -6.369334788460307394e-03 6.627788850442550492e-04 9.999794959348580203e-01 3.385373848929267524e+02
9.999834919826360302e-01 2.055627692509654630e-03 5.365646298376804992e-03 -8.594141961603466440e-01 -2.068644293332904532e-03 9.999949285363587403e-01 2.421490376369405360e-03 -6.313094462286250597e+00 -5.360641494808453950e-03 -2.432550034798513366e-03 9.999826729581888785e-01 3.401368735590888264e+02
9.999837009238095042e-01 2.889097534144817112e-03 4.924530763218785794e-03 -8.748613569204146678e-01 -2.913146975375459358e-03 9.999838326684518108e-01 4.883439423889901314e-03 -6.321168398407036371e+00 -4.910342494702063000e-03 -4.897705752734668461e-03 9.999759502156404523e-01 3.417516371749056816e+02
9.999869333532136473e-01 3.835226254621846784e-03 3.379964458493826731e-03 -8.806711080232945132e-01 -3.849698257865533102e-03 9.999834064205368467e-01 4.285640331777924861e-03 -6.357629930981344657e+00 -3.363472027134025225e-03 -4.298596215205259009e-03 9.999851044505720932e-01 3.433637875996346338e+02
9.999912943716989799e-01 3.618356757486625164e-03 2.078141291984509850e-03 -8.815694383070509232e-01 -3.625193870565384183e-03 9.999879980597373708e-01 3.295711134850282196e-03 -6.391718501122507945e+00 -2.066191324701653793e-03 -3.303216139676354128e-03 9.999924097784439470e-01 3.449577875969804381e+02
9.999964948148734045e-01 2.643681431386997460e-03 1.459510606915323516e-04 -8.755848545522207926e-01 -2.644249522584777093e-03 9.999883437395732377e-01 4.039843237355309445e-03 -6.408392395574323608e+00 -1.352692997811524660e-04 -4.040215046843416077e-03 9.999918291493193889e-01 3.465625284229020053e+02
9.999988300054009072e-01 1.424399147547723843e-03 -5.577378033774080994e-04 -8.874501176555158466e-01 -1.421929908661728054e-03 9.999892962315003464e-01 4.402901236441885031e-03 -6.443520922853376298e+00 5.640033359319602960e-04 -4.402103062988001192e-03 9.999901516468882035e-01 3.481529817296848250e+02
9.999989287782465874e-01 1.017885536363042145e-03 -1.051830787791381300e-03 -9.065935109868951125e-01 -1.013968017093571858e-03 9.999925729287911791e-01 3.718327189285546008e-03 -6.467823553799076031e+00 1.055607828840588467e-03 -3.717256719210043896e-03 9.999925338206347991e-01 3.497564999929847431e+02
9.999987835639906342e-01 8.036595119698033279e-04 -1.336786642576581318e-03 -9.207367937660607682e-01 -7.991861658152386166e-04 9.999940910690562346e-01 3.343520467806167067e-03 -6.506742988886577983e+00 1.339465821821547416e-03 -3.342448091759158899e-03 9.999935169163810533e-01 3.513411215469524222e+02
9.999992128092467514e-01 7.649146916735398427e-04 -9.946273509392684117e-04 -9.266354530980471793e-01 -7.620480167688185175e-04 9.999955642874857054e-01 2.879355640222820180e-03 -6.522931172425014523e+00 9.968254203304852731e-04 -2.878595447736228153e-03 9.999953600039523938e-01 3.529408675352564728e+02
9.999989773005165672e-01 2.024892987810989614e-04 -1.415766084995295684e-03 -9.306903360572863493e-01 -1.981836012748417614e-04 9.999953573377092786e-01 3.040727861636483096e-03 -6.557655411524667244e+00 1.416375254237429602e-03 -3.040444199660836261e-03 9.999943747756606660e-01 3.545400459200209866e+02
9.999985595295290963e-01 -5.056268049716027349e-04 -1.620271277769995757e-03 -9.441077644021010906e-01 5.093675768678557203e-04 9.999972041859362948e-01 2.309147788433569409e-03 -6.586276820368055063e+00 1.619099210997937801e-03 -2.309969798202198173e-03 9.999960212721537012e-01 3.561422754542223288e+02
9.999988907822978668e-01 -1.000657403991815977e-03 -1.103231257124707250e-03 -9.537769740432259225e-01 1.002757183468527651e-03 9.999976838972806092e-01 1.904383319294638416e-03 -6.612266191090600209e+00 1.101323087596221915e-03 -1.905487497816239599e-03 9.999975781004963871e-01 3.577075708291046681e+02
9.999977317988916203e-01 -1.620584093459972834e-03 -1.382065581310962287e-03 -9.490893204583550347e-01 1.623032854952589574e-03 9.999971119538129116e-01 1.772525036670500459e-03 -6.641028790073894683e+00 1.379189089655239028e-03 -1.774764170523014835e-03 9.999974740227951520e-01 3.593062615335697387e+02
9.999988790391809435e-01 -1.311722540581711748e-03 -7.220150611746111715e-04 -9.662189499790596603e-01 1.312499840295788638e-03 9.999985585597807036e-01 1.077135033305982870e-03 -6.668941974979055942e+00 7.206011317435390053e-04 -1.078081480186418237e-03 9.999991592374420923e-01 3.608872039295858940e+02
9.999968149778833970e-01 -2.122635048575777401e-03 -1.365451017103876206e-03 -9.806072014719756647e-01 2.123186741456063210e-03 9.999976649500424974e-01 4.027015598815214537e-04 -6.723079179500704328e+00 1.364593064490408339e-03 -4.055993882638329537e-04 9.999989866879571698e-01 3.624938545909898266e+02
9.999926966058652056e-01 -3.657691624610267395e-03 -1.108166048225804699e-03 -9.816302531257765640e-01 3.658999281905391844e-03 9.999926093114518411e-01 1.180271075661592541e-03 -6.735969965006843196e+00 1.103840811085325885e-03 -1.184317243789887418e-03 9.999986894641240687e-01 3.640830516345028514e+02
9.999812222924360228e-01 -6.022961490617295341e-03 -1.130931760567008195e-03 -9.944054244526377984e-01 6.025123337103642160e-03 9.999800094906776682e-01 1.917940698114997157e-03 -6.779971106887749954e+00 1.119357491506830322e-03 -1.924718701426789656e-03 9.999975212463098062e-01 3.656589737307355676e+02
9.999815388898647406e-01 -5.966969741907818953e-03 -1.147676205780504216e-03 -1.010721558674410492e+00 5.968748038158343955e-03 9.999809820211755795e-01 1.552298853718670976e-03 -6.814173000124945645e+00 1.138391880801540527e-03 -1.559120397855118419e-03 9.999981366030068486e-01 3.672597561282150878e+02
9.999884371758128720e-01 -4.788510585091528340e-03 -4.423676089450441170e-04 -1.014239926356706345e+00 4.788945184123115373e-03 9.999880462668888637e-01 9.865690390161345816e-04 -6.835747644774330389e+00 4.376381337184470817e-04 -9.886761118527891481e-04 9.999994154964519932e-01 3.688530499527716984e+02
9.999927293743544610e-01 -3.727922474383885305e-03 -8.023703017515795106e-04 -1.027595063915293094e+00 3.729097662922596819e-03 9.999919691792505949e-01 1.468128235767239033e-03 -6.865418629161944786e+00 7.968908053698064032e-04 -1.471109690414531060e-03 9.999986004004132178e-01 3.704684180366684245e+02
9.999966003420687199e-01 -2.579172419903115986e-03 3.836393989145907768e-04 -1.039216418538632558e+00 2.578353317011504095e-03 9.999944277049437336e-01 2.120530131263100894e-03 -6.885235610655221272e+00 -3.891064784970336195e-04 -2.119533781578723450e-03 9.999976780836239421e-01 3.720414695142711139e+02
9.999964532438712084e-01 -2.660539461349559209e-03 1.226152132580780982e-04 -1.056595438772706341e+00 2.660296123807323262e-03 9.999945719775096276e-01 1.943922516278745287e-03 -6.911056999150134494e+00 -1.277864303975841218e-04 -1.943589444760151358e-03 9.999981030636821977e-01 3.736515148801152577e+02
9.999978921107787189e-01 -2.023762373104756422e-03 3.466468706670465310e-04 -1.056840729327050310e+00 2.023266009804055264e-03 9.999969359336161601e-01 1.426363911274496771e-03 -6.953641245674592852e+00 -3.495324346514678670e-04 -1.425659557185236445e-03 9.999989226602864489e-01 3.752554739636301520e+02
9.999980436119555449e-01 -1.713088167459387266e-03 9.889922703547942770e-04 -1.051210826493193418e+00 1.711832668421482163e-03 9.999977297036671819e-01 1.268941686762252961e-03 -6.963697962943165898e+00 -9.911638498468983496e-04 -1.267246224469816517e-03 9.999987058392295625e-01 3.768536570817456663e+02
9.999983975822627214e-01 -1.649749520087037506e-03 6.950995802690854066e-04 -1.068769121837081171e+00 1.648942212864512070e-03 9.999979671994738695e-01 1.160423722579205508e-03 -7.000867135417866649e+00 -6.970125865718515296e-04 -1.159275692907035978e-03 9.999990851258849789e-01 3.784755487728778007e+02
9.999989791737325939e-01 -3.269156359844991103e-04 1.390963760766071285e-03 -1.097148152856910031e+00 3.251958940806778942e-04 9.999991827605995143e-01 1.236416147281567748e-03 -7.031444216783573786e+00 -1.391366850700932007e-03 -1.235962559254084187e-03 9.999982682450954119e-01 3.800940940299026352e+02
9.999987479828202908e-01 6.203735987667189505e-04 1.455737011354645005e-03 -1.087919748663655151e+00 -6.226158206125240874e-04 9.999986198882234723e-01 1.540315550881934253e-03 -7.065709140769860674e+00 -1.454779455002904289e-03 -1.541220000528744846e-03 9.999977541254697622e-01 3.816866937204072201e+02
9.999968857614117690e-01 1.579402337688723054e-03 1.932344544584041176e-03 -1.092979552446307512e+00 -1.581773264810406102e-03 9.999979973962039859e-01 1.226050403902701445e-03 -7.091835210330610373e+00 -1.930404280443116360e-03 -1.229103127247426624e-03 9.999973814177907094e-01 3.833094419265219699e+02
9.999931880299918197e-01 2.679137660949036659e-03 2.538919739441924082e-03 -1.117321562742964902e+00 -2.681356806043226279e-03 9.999960258002641433e-01 8.710420096918929447e-04 -7.127690844519242397e+00 -2.536576051203569618e-03 -8.778438335054735212e-04 9.999963975779501135e-01 3.849033588461216482e+02
9.999927840460711703e-01 3.035648742816659043e-03 2.284007425763688853e-03 -1.116853226711602698e+00 -3.037728149327820898e-03 9.999949743231616450e-01 9.074919304693914932e-04 -7.163115725342980689e+00 -2.281241159312717356e-03 -9.144235841251563759e-04 9.999969798781218611e-01 3.865240336023156829e+02
9.999832025947015257e-01 4.934629698834819278e-03 3.040386974874250726e-03 -1.125323559448947464e+00 -4.938270393082004259e-03 9.999870973163745846e-01 1.191089988519129610e-03 -7.191428586210163232e+00 -3.034470209628872036e-03 -1.206084246022197035e-03 9.999946686595370116e-01 3.881272742217240079e+02
9.999818333543670779e-01 5.173327289851998440e-03 3.093483534071155960e-03 -1.158094368825845821e+00 -5.178240891495726819e-03 9.999853407117168524e-01 1.582464019652838824e-03 -7.211685492188525615e+00 -3.085251633984363064e-03 -1.598454089992773670e-03 9.999939630633080112e-01 3.897477947434638850e+02
9.999657567846399475e-01 7.535703871855231606e-03 3.420294646303500673e-03 -1.146545991513573171e+00 -7.541228373658177830e-03 9.999702761980380217e-01 1.605181944199308812e-03 -7.251277296017755170e+00 -3.408096864627156546e-03 -1.630920217770866557e-03 9.999928624599163651e-01 3.913857986024410707e+02
9.999686895252717367e-01 6.854277500389204664e-03 3.954597485252698934e-03 -1.126840641928422260e+00 -6.860571086408157743e-03 9.999752176518738045e-01 1.580082011418936991e-03 -7.273199216172926640e+00 -3.943669227964960618e-03 -1.607163351403287539e-03 9.999909322059195027e-01 3.929998739946547630e+02
