1.000000000000000000e+00 4.398956837314658088e-19 2.733407509747682871e-20 -8.673617379884035472e-19 -5.583667658079949532e-19 1.000000000000000000e+00 -6.100159232558060012e-19 0.000000000000000000e+00 4.145284534913582806e-20 -2.210423569125054137e-19 1.000000000000000222e+00 0.000000000000000000e+00
9.999999259788683315e-01 -2.403793452534427617e-04 -3.004331025450181734e-04 1.198873377882936700e-02 2.405487751858330467e-04 9.999998119998216861e-01 5.640354970840001040e-04 -2.956939805609014316e-02 3.002974693268282568e-04 -5.641077294419220107e-04 9.999997958022016631e-01 1.345546289639288684e+00
9.999992917182223273e-01 -1.121550609472042950e-03 -3.983576121909637832e-04 1.587923053655414946e-05 1.121930510865006480e-03 9.999989149036523362e-01 9.547047570427853519e-04 -5.047436237554255023e-02 3.972864381133300155e-04 -9.551510187608397819e-04 9.999994649252510470e-01 2.674690926071189967e+00
9.999984485167426884e-01 -1.698415069053176366e-03 -4.672823771624099896e-04 -6.078606990516032330e-03 1.698596488229412544e-03 9.999984820751811609e-01 3.880903270412857146e-04 -9.183851096104395095e-02 4.666225380223026323e-04 -3.888834519439651315e-04 9.999998155168882130e-01 3.971696391972908469e+00
9.999980077923471544e-01 -1.986970000915036071e-03 -1.906959064163954757e-04 -1.442497192503339187e-02 1.987032470936195543e-03 9.999979720960537888e-01 3.278750149085518108e-04 -1.022528835070773967e-01 1.900440456894589693e-04 -3.282532824693478552e-04 9.999999280666878043e-01 5.271914133439048911e+00
9.999970689663030265e-01 -2.320779172324099679e-03 -6.899609478662635477e-04 -1.068483269949027301e-02 2.321354150013645035e-03 9.999969581309187117e-01 8.336902234909001523e-04 -1.117310547674961324e-01 6.880240511203406786e-04 -8.352894303106777338e-04 9.999994144576438426e-01 6.624580366573822765e+00
9.999929835018410706e-01 -3.707080618578943894e-03 -5.389864186953965833e-04 -1.930161281954293276e-02 3.708122879069449072e-03 9.999912319642801917e-01 1.945716343873213653e-03 -1.486801305351411195e-01 5.317687768988510867e-04 -1.947701335419345543e-03 9.999979618392601521e-01 7.995064886716733099e+00
9.999937012168806927e-01 -3.517756805512862496e-03 -4.721433710711960235e-04 -1.413589106879759721e-02 3.518750014479327635e-03 9.999915630823422719e-01 2.119470589996212510e-03 -1.627015765501880762e-01 4.646836159258849706e-04 -2.121118611859662290e-03 9.999976424602796676e-01 9.287286086269217478e+00
9.999959036964125580e-01 -2.793685304223568391e-03 -6.228298649755810521e-04 -4.858217107874587132e-02 2.794397744490520995e-03 9.999954390939627125e-01 1.145917607053747751e-03 -1.901694519092026747e-01 6.196257032153130789e-04 -1.147653356557116946e-03 9.999991494780846590e-01 1.060487881492112017e+01
9.999996890043669762e-01 -5.684163510573170871e-04 -5.467122621360916753e-04 -5.739807645831544736e-02 5.680125243877643402e-04 9.999995659706375495e-01 -7.385251587785103804e-04 -2.096402984163503458e-01 5.471318234730340822e-04 7.382143963658925308e-04 9.999995778433585780e-01 1.196608644499202256e+01
9.999977551964744915e-01 2.065193123246146685e-03 -4.738932901077254648e-04 -6.852671594668865995e-02 -2.066075087702293461e-03 9.999961206044717388e-01 -1.868184670503438092e-03 -2.400665521384396095e-01 4.700332957458027566e-04 1.869159591210590261e-03 9.999981426539875651e-01 1.332207734118391862e+01
9.999891397528367643e-01 4.589578326108721164e-03 -8.100230602073285905e-04 -6.791435182106674018e-02 -4.591247907686227953e-03 9.999873147477286173e-01 -2.071423509147114414e-03 -2.571447710706491474e-01 8.005058358822332966e-04 2.075120044763757981e-03 9.999975265309118955e-01 1.464859314284759151e+01
9.999855079826602822e-01 5.382188878158391913e-03 -1.259252512684494723e-04 -9.852911379612597220e-02 -5.382366347164178021e-03 9.999844581608426930e-01 -1.453815587869037316e-03 -2.867939700884405418e-01 1.180985842127976249e-04 1.454472304460801028e-03 9.999989352808927867e-01 1.599104048879563322e+01
9.999932522928103307e-01 3.673346853032629852e-03 -4.341401787808724989e-05 -8.856205332276086140e-02 -3.673308808038828685e-03 9.999928948818385122e-01 8.467555483358619930e-04 -3.154992415181285814e-01 4.652413745199302864e-05 -8.465903719868630084e-04 9.999996405601839777e-01 1.734791423700388435e+01
9.999999205553953274e-01 -3.053524471078590910e-04 2.562225773849091041e-04 -7.718154321294812270e-02 3.046926046942706381e-04 9.999966475615511552e-01 2.571386184878627322e-03 -3.393835068645686404e-01 -2.570068995197158195e-04 -2.571307934651386774e-03 9.999966611560259233e-01 1.870269239223833324e+01
9.999969479392804006e-01 -2.456212536614172087e-03 -2.667137401175549900e-04 -9.605697195255959164e-02 2.456500688233489646e-03 9.999963937463263175e-01 1.085400377274024991e-03 -3.810254770171546679e-01 2.640468101032051522e-04 -1.086052255553940967e-03 9.999993753850011657e-01 2.006740042709308014e+01
9.999947229478109989e-01 -3.248591969997555260e-03 2.706856042090529898e-05 -1.025075433009479536e-01 3.248621318223559630e-03 9.999940450322803986e-01 -1.164626038710104335e-03 -3.971680959959372759e-01 -2.328500556688219573e-05 1.164707841426641972e-03 9.999993214563636101e-01 2.141591691213236359e+01
9.999995854147535335e-01 -9.105546403269686910e-04 7.890323963187941653e-06 -1.000388968765075770e-01 9.105697531911233645e-04 9.999971833886019956e-01 -2.191820321907950522e-03 -4.431848131568434934e-01 -5.894531609949370464e-06 2.191826618691162555e-03 9.999975979275664839e-01 2.277224150620061138e+01
9.999985174021086554e-01 1.204196000296728396e-03 1.230896031152078516e-03 -1.229204991347155745e-01 -1.202837766259387108e-03 9.999986676184965395e-01 -1.103605455004708731e-03 -4.350275020007801641e-01 -1.232223370885832635e-03 1.102123260992875307e-03 9.999986334730461834e-01 2.410255705651917779e+01
9.999977114101333830e-01 1.125698720372558326e-03 1.819334298624088707e-03 -1.292217284662765253e-01 -1.130455215167396965e-03 9.999959406066378786e-01 2.615500475423537981e-03 -4.595577533842393203e-01 -1.816382676841741791e-03 -2.617551188728586224e-03 9.999949245760486605e-01 2.551645243837539212e+01
9.999983405422915306e-01 -5.618054424011858540e-04 1.733000498209392526e-03 -1.196457034679847820e-01 5.550960398086790711e-04 9.999923589589793105e-01 3.869611100495236929e-03 -4.783343772058920584e-01 -1.735161251269228336e-03 -3.868642730881327509e-03 9.999910113683061486e-01 2.687234654097123965e+01
9.999895699949210570e-01 -4.160681421882854447e-03 1.883783857734755169e-03 -1.137473064831857339e-01 4.154414268402331113e-03 9.999858634519294132e-01 3.318694028999768370e-03 -5.287752035223862723e-01 -1.897565285478632850e-03 -3.310833422219622985e-03 9.999927187866025635e-01 2.827001895969430123e+01
9.999890356276889269e-01 -4.342965644166685117e-03 1.751366354981015363e-03 -1.184453965506955253e-01 4.341360287976727371e-03 9.999901535824682330e-01 9.194133377199918385e-04 -5.256581329269846004e-01 -1.755342119922012438e-03 -9.117999482940687336e-04 9.999980436944271300e-01 2.963491071936391563e+01
9.999870004876507679e-01 -4.351485964979526395e-03 2.657712760692256156e-03 -1.222232376766996670e-01 4.353851332334554569e-03 9.999901304553197035e-01 -8.848518518131109076e-04 -5.763113636663905748e-01 -2.653836156179046821e-03 8.964116491634949386e-04 9.999960767903192105e-01 3.100941185669433864e+01
9.999933845732165150e-01 -2.118626469712064139e-03 2.956727848662939109e-03 -1.426870795570310269e-01 2.124706347794230558e-03 9.999956319929911297e-01 -2.054656751429521228e-03 -5.734506260710652281e-01 -2.952361936278312827e-03 2.060925360587818628e-03 9.999935180496306586e-01 3.237859629244655224e+01
9.999942996085727787e-01 -5.308273930008574346e-04 3.334513174303477354e-03 -1.482059650724060207e-01 5.441990534608429422e-04 9.999918100281570688e-01 -4.010451806079392417e-03 -6.284919165523662477e-01 -3.332357068417528354e-03 4.012243624179457659e-03 9.999863985536554534e-01 3.376730079842411669e+01
9.999939387710888861e-01 2.926847020460579844e-04 3.469403532284789406e-03 -1.556943343964856119e-01 -2.786083388579836239e-04 9.999917312184488649e-01 -4.057076945681694150e-03 -6.467528973900157352e-01 -3.470562352782276001e-03 4.056085790339257653e-03 9.999857515783290296e-01 3.515874168731201621e+01
9.999953083896061523e-01 -5.805942297855472842e-04 3.007675889462309814e-03 -1.466701454425186901e-01 5.889969103422413102e-04 9.999959243973933765e-01 -2.793612476531208595e-03 -6.803815498056124955e-01 -3.006041730662863641e-03 2.795370910676997934e-03 9.999915747695174995e-01 3.657015707859365961e+01
9.999952412642385546e-01 9.096525728725808049e-04 2.947877774376516692e-03 -1.645601319590467571e-01 -9.057157752273788977e-04 9.999986966817286937e-01 -1.336531229551141510e-03 -7.123370914540927412e-01 -2.949089763818228509e-03 1.333854944297899409e-03 9.999947618344331435e-01 3.796481373240972346e+01
9.999885741700024200e-01 3.843518034867745604e-03 2.842339736608569863e-03 -1.639675388579960869e-01 -3.840762662392326488e-03 9.999921496740554749e-01 -9.742380925744296679e-04 -7.323214644186208933e-01 -2.846061975564103449e-03 9.633102175491482832e-04 9.999954859701168930e-01 3.930412482302056532e+01
9.999736037020233725e-01 6.603901249542999674e-03 3.029914023930170650e-03 -1.632374715747877680e-01 -6.601348152180708077e-03 9.999778480152701210e-01 -8.518767944127494506e-04 -7.715335212427389955e-01 -3.035472669556150537e-03 8.318527964910554058e-04 9.999950469488988469e-01 4.071973051740777549e+01
9.999640698678761153e-01 7.871797366375159200e-03 3.145436164857721810e-03 -1.836157643673883844e-01 -7.868575991878179465e-03 9.999685064179465455e-01 -1.035229155260680104e-03 -7.838943633259599642e-01 -3.153486274287474727e-03 1.010441862524097444e-03 9.999945172485231737e-01 4.215453049424998966e+01
9.999539580685485873e-01 9.201773386636412019e-03 2.721965385237451549e-03 -1.802087645696374141e-01 -9.199670175672896438e-03 9.999573746319172507e-01 -7.842230438602123535e-04 -8.205132819824803025e-01 -2.729065652089507094e-03 7.591457559798814748e-04 9.999959879392185114e-01 4.355589448940180120e+01
9.999646409479673315e-01 8.016044166715832059e-03 2.541628969341642313e-03 -1.818461859783487566e-01 -8.013890316534088079e-03 9.999675214568063408e-01 -8.565098132472032848e-04 -8.510092418716648233e-01 -2.548412287147589026e-03 8.361111964974035854e-04 9.999964032481567511e-01 4.496105076641842402e+01
9.999656718284501977e-01 8.113238543806095687e-03 1.682412485382710687e-03 -1.852652137013160449e-01 -8.111161707642283725e-03 9.999663380809484803e-01 -1.237649600943506716e-03 -8.875037198669010197e-01 -1.692397229862903016e-03 1.223960802082758566e-03 9.999978188521234657e-01 4.637088043506491175e+01
9.999733171011171429e-01 7.221494044310712394e-03 1.102314517393921398e-03 -1.922831986228963341e-01 -7.220426403242894212e-03 9.999734623871107120e-01 -9.695246664010316161e-04 -9.136492249393640686e-01 -1.109286702040757902e-03 9.615396206167048073e-04 9.999989224608406557e-01 4.778868768769650188e+01
9.999696314121667706e-01 7.793015908155116571e-03 -7.170394961895805430e-05 -2.135035471268256213e-01 -7.793032401936395709e-03 9.999696070057272346e-01 -2.317881760039380921e-04 -9.433091514460556493e-01 6.989544157494945132e-05 2.323399247227559956e-04 9.999999705664177618e-01 4.921400131486984719e+01
9.999641449293704687e-01 8.435392190638475382e-03 -7.436376965205304971e-04 -2.172989978380401588e-01 -8.435483439140405160e-03 9.999644135369126774e-01 -1.195622836604485014e-04 -9.798842609015591121e-01 7.426026902103434989e-04 1.258309347628447177e-04 9.999997163543828949e-01 5.059693843041595329e+01
9.999588448419224340e-01 8.943775216678322149e-03 -1.522329762942987216e-03 -2.305129091833952870e-01 -8.943001643623793920e-03 9.999598783384555656e-01 5.142489903526425857e-04 -1.002212970495552913e+00 1.526868037906444278e-03 -5.006136410796594230e-04 9.999987090303021908e-01 5.203246312125521911e+01
9.999581676696355226e-01 8.652106234377397384e-03 -2.967144681786427780e-03 -2.442286542938681415e-01 -8.649052876442096804e-03 9.999620550438588218e-01 1.040371651693033743e-03 -1.026765796456307500e+00 2.976033551249774017e-03 -1.014665157435137941e-03 9.999950568295231657e-01 5.345914018593651207e+01
9.999657459478155097e-01 7.541720695124714754e-03 -3.410184831307934514e-03 -2.474228517989303933e-01 -7.535570985658253049e-03 9.999699643436769092e-01 1.812620864982386311e-03 -1.061032349466979774e+00 3.423752744619420769e-03 -1.786861110390254928e-03 9.999925424971646271e-01 5.490210625562160374e+01
9.999789863574897186e-01 5.114350105601768795e-03 -3.983748348470323407e-03 -2.727874653777477842e-01 -5.105720566714006675e-03 9.999846039436315337e-01 2.173361989243946264e-03 -1.084360498312017640e+00 3.994802419207396649e-03 -2.152976440191781485e-03 9.999897030732252112e-01 5.633118427373109682e+01
9.999830720373305004e-01 3.308379752603325327e-03 -4.786465174835777096e-03 -2.942282246112147837e-01 -3.299501014093520878e-03 9.999928236940349713e-01 1.861681833831349249e-03 -1.105416613949710802e+00 4.792590060528634406e-03 -1.845857396373858875e-03 9.999868118623104207e-01 5.773506066922085012e+01
9.999876681722608129e-01 2.319752901217400198e-03 -4.391154637155712283e-03 -2.981779836338749878e-01 -2.310886286830875300e-03 9.999952832226751687e-01 2.023200637783630768e-03 -1.137784114826439819e+00 4.395827328339541908e-03 -2.013028253183978163e-03 9.999883121448650547e-01 5.919223628507374002e+01
9.999905873618457619e-01 1.539518055914746927e-03 -4.056484070965631766e-03 -3.098474447835854462e-01 -1.528727560168466424e-03 9.999952888354622926e-01 2.661822898660052943e-03 -1.164110655096695091e+00 4.060562957218714214e-03 -2.655596614131684827e-03 9.999882297515930718e-01 6.062938310961102673e+01
9.999925736956890576e-01 4.289682073598480728e-05 -3.853661581748051620e-03 -3.150202039257828379e-01 -3.009691311955875337e-05 9.999944833892343565e-01 3.321488300385441392e-03 -1.194177296301687230e+00 3.853782873679185463e-03 -3.321347684805345344e-03 9.999870584230639015e-01 6.204540423713289954e+01
9.999924792723809963e-01 -1.948656164715580584e-03 -3.353227773104506919e-03 -3.287768881815267275e-01 1.959271281575610760e-03 9.999930711406099793e-01 3.165268151771610632e-03 -1.223248384699863189e+00 3.347036580856114791e-03 -3.171814260407881253e-03 9.999893684165336305e-01 6.346064174512325451e+01
9.999915665957963551e-01 -2.735206209897604081e-03 -3.063557541277689075e-03 -3.411559474884827137e-01 2.742606970764193720e-03 9.999933249863978135e-01 2.414142515721632264e-03 -1.241063870564102389e+00 3.056933969849938600e-03 -2.422524313722574946e-03 9.999923932389113146e-01 6.486064326985851380e+01
9.999959540266023517e-01 -2.108265614880461443e-03 -1.909750675242874408e-03 -3.444085562416935864e-01 2.112597328713179852e-03 9.999951942067688559e-01 2.269028757494559890e-03 -1.281831967219665858e+00 1.904957817376720219e-03 -2.273054132412889294e-03 9.999956021722781196e-01 6.629456019472495143e+01
9.999969785786362308e-01 -1.903857770797993693e-03 -1.555043553839841487e-03 -3.630024858179974889e-01 1.906866441586383245e-03 9.999963086754266595e-01 1.935585688922633217e-03 -1.303033604727455774e+00 1.551352762670190439e-03 -1.938545118985993436e-03 9.999969176702975249e-01 6.770507770152342175e+01
9.999990072361567561e-01 7.992749162402397033e-04 -1.160466790647568004e-03 -3.704756257242660666e-01 -7.960690148071776712e-04 9.999958731176671334e-01 2.760438838730333490e-03 -1.333157832046873548e+00 1.162668373657779796e-03 -2.759512313610560687e-03 9.999955166381281346e-01 6.914167437347788336e+01
9.999856780920535204e-01 5.287269028362838810e-03 -8.296901896543956018e-04 -3.940290814786007734e-01 -5.283728788405390141e-03 9.999771674528722398e-01 4.212694143179637751e-03 -1.358645381774958638e+00 8.519449110758864872e-04 -4.208249994600383667e-03 9.999907823695753928e-01 7.057744739337368856e+01
9.999634080085975096e-01 8.554425465724036642e-03 6.657666236798460578e-05 -4.055739915609309909e-01 -8.554651297265772683e-03 9.999509483428123957e-01 4.991879864030958174e-03 -1.386654077510494965e+00 -2.387072911906816780e-05 -4.992266793207780252e-03 9.999875382742026142e-01 7.202201792222690813e+01
9.999185641403521840e-01 1.275439639711608251e-02 4.363894232761613258e-04 -3.992518020747778951e-01 -1.275630071450898316e-02 9.999076762015391973e-01 4.681440907838908469e-03 -1.409938331335448991e+00 -3.766401845766996536e-04 -4.686626437075166150e-03 9.999889467766477358e-01 7.336931510834872938e+01
9.998782025068646551e-01 1.553161453758559844e-02 1.532668557235141544e-03 -4.355741045636708497e-01 -1.553749490464525519e-02 9.998716708254944407e-01 3.902327816257623264e-03 -1.430998814665353613e+00 -1.471862443111377232e-03 -3.925666398046718381e-03 9.999912113429835214e-01 7.474504208805413441e+01
9.998544292562914215e-01 1.693080880540956401e-02 2.113759446871558631e-03 -4.407488192896343859e-01 -1.693843204476427888e-02 9.998499008212057282e-01 3.642166990345739510e-03 -1.445237809354293912e+00 -2.051777374173486320e-03 -3.677440611940798951e-03 9.999911332798049335e-01 7.617605893415853302e+01
9.998370378519075841e-01 1.778890167831559746e-02 3.074521956416435397e-03 -4.816487598340564724e-01 -1.780198699480306512e-02 9.998323612580042319e-01 4.282367874837130287e-03 -1.477554208861629137e+00 -2.997827976010820558e-03 -4.336402660440273268e-03 9.999861042216536822e-01 7.753982947007519044e+01
9.998570986970535257e-01 1.668456888904017166e-02 2.721638596454069043e-03 -4.623282796935391237e-01 -1.669631416181695596e-02 9.998511381861522329e-01 4.351389804470485664e-03 -1.504925843880521530e+00 -2.648632428899082205e-03 -4.396209367922163103e-03 9.999868289567284130e-01 7.894947645716395357e+01
9.998626658890598096e-01 1.647068565685386177e-02 1.834623952855458234e-03 -4.621261577036617219e-01 -1.647657704399944564e-02 9.998589904591749233e-01 3.243707556071439083e-03 -1.531466886786920556e+00 -1.780939195305504888e-03 -3.273490447300974465e-03 9.999930562329943928e-01 8.033080619137521694e+01
9.998715305040796197e-01 1.589331493324212807e-02 2.079663252070010956e-03 -4.820421147670413409e-01 -1.590064687521639680e-02 9.998672470750921137e-01 3.557764179384264105e-03 -1.550814133467533606e+00 -2.022842537421411149e-03 -3.590375148503128014e-03 9.999915086201746073e-01 8.175011102962767495e+01
9.998724186581778861e-01 1.586331007356969053e-02 1.871302038863618738e-03 -4.953561665062922170e-01 -1.586995787191861421e-02 9.998676095595849800e-01 3.592745635223551764e-03 -1.577557551891496379e+00 -1.814061487980548172e-03 -3.621984795198659058e-03 9.999917951690611151e-01 8.313871381743875588e+01
9.998802788746008474e-01 1.541550068417544064e-02 1.337993907616452909e-03 -5.020264644255785225e-01 -1.541998155756969281e-02 9.998753047050339404e-01 3.405765603407320471e-03 -1.603745959801100796e+00 -1.285325504710472556e-03 -3.425989743830486298e-03 9.999933052434234471e-01 8.453966802404264058e+01
9.998764500141468226e-01 1.570892598378801144e-02 5.606436058834195994e-04 -5.038594989426931070e-01 -1.571076396717169602e-02 9.998706610713995468e-01 3.439920693270503895e-03 -1.627958895038076115e+00 -5.065336404299916823e-04 -3.448303872745947778e-03 9.999939262936535789e-01 8.586626134474509797e+01
9.998804532702059156e-01 1.545074969392990286e-02 -5.945340166458995806e-04 -4.920017925779896495e-01 -1.544820047850283679e-02 9.998723572616132760e-01 4.077047400198324442e-03 -1.650700352618102329e+00 6.574515811663403982e-04 -4.067375570685646986e-03 9.999915120716421635e-01 8.723974474547348734e+01
9.999075863198824132e-01 1.348417027425956663e-02 -1.730879272817617510e-03 -5.059931444044382109e-01 -1.347484329645113992e-02 9.998952077389373638e-01 5.291707076148867255e-03 -1.690266869324714483e+00 1.802052204033996246e-03 -5.267894782617936998e-03 9.999845008280784375e-01 8.859485746109709225e+01
9.999290104447060568e-01 1.155643256629703547e-02 -2.902225134094048396e-03 -5.241786637280374528e-01 -1.154014862653222374e-02 9.999179172417036465e-01 5.566306637251430475e-03 -1.713054260439382137e+00 2.966313614048670787e-03 -5.532419439935899567e-03 9.999802964681242523e-01 9.000167831765159576e+01
9.999389385006675068e-01 1.033056563003003324e-02 -3.924112405546857814e-03 -5.260808363361012541e-01 -1.030755585919272688e-02 9.999298256326674128e-01 5.839359617463612054e-03 -1.737114651270872390e+00 3.984160994498458022e-03 -5.798555113829892936e-03 9.999752513073528748e-01 9.135582560009888198e+01
9.999586747797651887e-01 8.406338494340644119e-03 -3.461529231880682272e-03 -5.744531251075468692e-01 -8.387694312568522506e-03 9.999504257667161111e-01 5.365874366511185628e-03 -1.751017105948440067e+00 3.506465050250002352e-03 -5.336618429717476450e-03 9.999796123987444441e-01 9.274723481441579054e+01
9.999586051476828663e-01 7.799917384933846912e-03 -4.685003522960274995e-03 -5.703014127489474117e-01 -7.775371094139307999e-03 9.999560687275377280e-01 5.234905231647450988e-03 -1.774173210865331418e+00 4.725629618945984163e-03 -5.198260950176968910e-03 9.999753229536260113e-01 9.407248126192797599e+01
9.999640992258613803e-01 7.358098088685375432e-03 -4.202217470990224531e-03 -5.978978867352852111e-01 -7.338559326412942389e-03 9.999622780684167545e-01 4.646288844670324290e-03 -1.802549269256132680e+00 4.236246881157527955e-03 -4.615283868596295989e-03 9.999803764947774454e-01 9.543247887907718052e+01
9.999656640521557005e-01 6.984341879059940104e-03 -4.459783103148853324e-03 -6.011179758698693698e-01 -6.965286062689058158e-03 9.999666076421629413e-01 4.274155222190541108e-03 -1.823045943860325480e+00 4.489486422730211944e-03 -4.242944847983904678e-03 9.999809207872040195e-01 9.679601414677750881e+01
9.999602829839382423e-01 7.777437808781958832e-03 -4.352458442870021926e-03 -6.065415959503482890e-01 -7.761926868874362805e-03 9.999635054580338078e-01 3.569349703843553625e-03 -1.848695035514813956e+00 4.380060075543732584e-03 -3.535424517799459244e-03 9.999841578018043853e-01 9.815845161840951505e+01
9.999525273448864882e-01 8.856732481052538922e-03 -4.062182089097554974e-03 -6.404284552622088178e-01 -8.842057479777995499e-03 9.999543686192295944e-01 3.616450595866850873e-03 -1.874371141406010910e+00 4.094026734871472444e-03 -3.580360908745891784e-03 9.999852098745236617e-01 9.950598821212697942e+01
9.999502481696150857e-01 9.234032136605707305e-03 -3.772772549389275584e-03 -6.500552365196672344e-01 -9.216380820510339938e-03 9.999466255126694403e-01 4.669525339586960873e-03 -1.901567412176837335e+00 3.815689796046045201e-03 -4.634521766202356723e-03 9.999819807007497285e-01 1.008588193975248544e+02
9.999485658771304353e-01 9.391448195327329121e-03 -3.829657601707142645e-03 -6.628359342462758486e-01 -9.369046183796614011e-03 9.999391363060389226e-01 5.826205761351158433e-03 -1.925754231690083751e+00 3.884141095825956787e-03 -5.790025920035969144e-03 9.999756942321531561e-01 1.022053699757368150e+02
9.999518175808981280e-01 9.014900741799865627e-03 -3.885107234420868191e-03 -6.745137347969546449e-01 -8.996290932816272679e-03 9.999481020848741686e-01 4.781203022013820816e-03 -1.951023959834145227e+00 3.928007747603496323e-03 -4.746021150686937327e-03 9.999810228426315728e-01 1.035320306729875313e+02
9.999391852665178160e-01 1.044716381815646508e-02 -3.533059764876864822e-03 -6.892755644331862719e-01 -1.043717587473033670e-02 9.999415159428147737e-01 2.833738384405976810e-03 -1.973609135319974506e+00 3.562457729535845139e-03 -2.796690921559675039e-03 9.999897436577618315e-01 1.048885025870890644e+02
9.999452005962128354e-01 9.837724042466066202e-03 -3.579799719671061722e-03 -6.975420025378892275e-01 -9.831308014015325766e-03 9.999500415123627750e-01 1.805513971050979119e-03 -1.993504012516438717e+00 3.597383089417743613e-03 -1.770220942799246525e-03 9.999919625469050333e-01 1.062238169456799142e+02
9.999590944961027628e-01 8.121042964871337533e-03 -3.982207211366919387e-03 -7.177506193502236620e-01 -8.110317505249558037e-03 9.999634598976069322e-01 2.702153668163028051e-03 -2.029553772334187656e+00 4.004006078110945721e-03 -2.669746204296098886e-03 9.999884201314925836e-01 1.075179549597139328e+02
9.999846016044451336e-01 4.483513911096572921e-03 -3.270266621260520864e-03 -7.267533752648897005e-01 -4.468980055393903007e-03 9.999801655428176561e-01 4.438101566269658620e-03 -2.043913737213850279e+00 3.290100107998929040e-03 -4.423418517167126973e-03 9.999848041924669362e-01 1.088576781753943976e+02
9.999908655308221705e-01 3.574735101221832457e-03 -2.343099180672491254e-03 -7.331714971988687601e-01 -3.563147668636637826e-03 9.999814943763951636e-01 4.931012964302811455e-03 -2.070340091062241150e+00 2.360682930339725195e-03 -4.922619163670892417e-03 9.999850973896379225e-01 1.101890378451860499e+02
9.999919501907922337e-01 3.497150154482030118e-03 -1.967100662008831272e-03 -7.308263076053290730e-01 -3.489144163571528730e-03 9.999856760280696477e-01 4.058770407432321127e-03 -2.094388855576042374e+00 1.981266652557332145e-03 -4.051874278839687031e-03 9.999898283988436498e-01 1.115274792748650725e+02
9.999910274433776447e-01 4.147856323913970411e-03 -8.604136323480984479e-04 -7.472452660649824274e-01 -4.146169102426921875e-03 9.999894963499501577e-01 1.953581045555739977e-03 -2.111874500567537449e+00 8.685077847693084812e-04 -1.949996118160171382e-03 9.999977216029284355e-01 1.128407199913897330e+02
9.999795449707048478e-01 6.386319009231510198e-03 3.529278093493198269e-04 -7.809992465759901803e-01 -6.386322172219524931e-03 9.999796072131383884e-01 7.688776008620810964e-06 -2.146105128318333666e+00 -3.528715159496869898e-04 -9.942533679681546404e-06 9.999999376911721249e-01 1.141679128829541554e+02
9.999607205214162686e-01 8.622786760847081858e-03 2.050597232551012658e-03 -7.998006818263755369e-01 -8.622375885091456554e-03 9.999628047597650671e-01 -2.091594736434636910e-04 -2.172973205527711116e+00 -2.052324534228628251e-03 1.914702354409050886e-04 9.999978756478968833e-01 1.154947017680716499e+02
9.999511094281438028e-01 9.251407858529533609e-03 3.491445679172455394e-03 -8.221665169724162725e-01 -9.256254766741842110e-03 9.999562151534417964e-01 1.374605832901588508e-03 -2.206392970863793046e+00 -3.478575827428288022e-03 -1.406856354558239488e-03 9.999929601057401252e-01 1.168244708420453861e+02
9.999498032586563445e-01 9.117202561158697233e-03 4.155426381957138052e-03 -8.055519904047767632e-01 -9.130905658969803995e-03 9.999528979366086867e-01 3.290666613959783004e-03 -2.216691535843855032e+00 -4.125229048003247433e-03 -3.328444272664463771e-03 9.999859518709770523e-01 1.181523695404878112e+02
9.999448558384586017e-01 9.360005090339492198e-03 4.761887773428225348e-03 -8.146921793889837504e-01 -9.379297608210960743e-03 9.999478305788250809e-01 4.045357103279919632e-03 -2.248012720538282494e+00 -4.723774864389965016e-03 -4.089797227851342878e-03 9.999804795616749065e-01 1.194693256226341020e+02
9.999293092451705389e-01 1.030237789198121777e-02 5.936119105456412817e-03 -8.236625183137574746e-01 -1.032409300916124761e-02 9.999400830127621598e-01 3.639162952857176014e-03 -2.272397751254390030e+00 -5.898271498891004966e-03 -3.700190779226965408e-03 9.999757591935448664e-01 1.208152981850286807e+02
9.999111629588305350e-01 1.112653475916485814e-02 7.339373429291592456e-03 -8.152367957172862445e-01 -1.115271012420551884e-02 9.999315574358780268e-01 3.535183372584325273e-03 -2.304854602058472590e+00 -7.299536887258800850e-03 -3.616723256006385868e-03 9.999668174822730071e-01 1.221585377649862636e+02
9.998877692785157478e-01 1.254703566959543964e-02 8.186618896609539758e-03 -8.237022310517898571e-01 -1.257086465266924608e-02 9.999168769100120757e-01 2.865773233695963033e-03 -2.308229658710696519e+00 -8.149981580206140663e-03 -2.968364512566010714e-03 9.999623825938300792e-01 1.234970518425332813e+02
9.998653233309179322e-01 1.331614835165496370e-02 9.592464709654788257e-03 -8.166158060270118924e-01 -1.333799790708587243e-02 9.999085862910921385e-01 2.217408115690372786e-03 -2.338178798270680758e+00 -9.562060656192717181e-03 -2.345053778832512960e-03 9.999515326791795777e-01 1.248108136182732437e+02
9.998265563164248082e-01 1.548119224127803006e-02 1.035325809997114828e-02 -8.228735633795943860e-01 -1.549224654871720307e-02 9.998794994857518326e-01 9.883498226932619507e-04 -2.367181152720756909e+00 -1.033670987290190128e-02 -1.148573638595983991e-03 9.999459151349973096e-01 1.261321743849002246e+02
9.998282652944195936e-01 1.457429453257531350e-02 1.144682673526266695e-02 -8.119209673904506097e-01 -1.458803843383533853e-02 9.998929637998645870e-01 1.118081672782455334e-03 -2.390510527907157012e+00 -1.142930645698403413e-02 -1.284876419186755953e-03 9.999338578290920543e-01 1.275096091750074976e+02
9.998246005327470209e-01 1.350791395665613265e-02 1.297321929447038148e-02 -8.127877763901175667e-01 -1.353647534935053034e-02 9.999061382205809423e-01 2.116272650115887544e-03 -2.410387636725937366e+00 -1.294341539951163536e-02 -2.291513138772079995e-03 9.999136047431957941e-01 1.288260985572634638e+02
9.998365838191184407e-01 1.226656045021858911e-02 1.327919964740019443e-02 -7.938586030044025854e-01 -1.230074097978967052e-02 9.999212293557950826e-01 2.495371376719929257e-03 -2.436767563599978370e+00 -1.324754424061520830e-02 -2.658307608727521892e-03 9.999087138120392737e-01 1.302015642843955163e+02
9.998253387254879554e-01 1.289103723220608524e-02 1.353193231335550820e-02 -7.885439685762621886e-01 -1.293493106862548397e-02 9.999113432139711266e-01 3.161217290925669859e-03 -2.459995626539588809e+00 -1.348998147772903673e-02 -3.335699787609834686e-03 9.999034420840781090e-01 1.314889250814903789e+02
9.998495999908880716e-01 1.091935390747169297e-02 1.347386740608974738e-02 -7.750209135958457951e-01 -1.096528934726434534e-02 9.999343010574047730e-01 3.340062691009912030e-03 -2.495297806757054815e+00 -1.343651109119338265e-02 -3.487305227567879043e-03 9.999036447863183241e-01 1.328380260555344421e+02
9.998647134182653273e-01 9.570384070028038412e-03 1.337769064408394354e-02 -7.793352905812486187e-01 -9.623107510030988465e-03 9.999461601755487150e-01 3.882340734266349295e-03 -2.503659072563641175e+00 -1.333981512790307841e-02 -4.010550492195895898e-03 9.999029776945087544e-01 1.341853998124598206e+02
9.998805773951958686e-01 8.318321372587584098e-03 1.302445687031894908e-02 -7.607842664954443945e-01 -8.367318230307705523e-03 9.999581038600868776e-01 3.711943597729215182e-03 -2.527611056318250782e+00 -1.299303427838807527e-02 -3.820480112093569032e-03 9.999082882832200925e-01 1.355438528457190728e+02
9.999052332120881292e-01 7.036633626952154726e-03 1.183259832120393124e-02 -7.486597132930252751e-01 -7.082666295744473664e-03 9.999674948738175306e-01 3.852926998102218937e-03 -2.554789849649719891e+00 -1.180510226692064492e-02 -3.936368244098822737e-03 9.999225692783595409e-01 1.368791689390526756e+02
9.999295796911049639e-01 4.874963319910222831e-03 1.081990736288809644e-02 -7.548922231126561355e-01 -4.923712508461899548e-03 9.999778276252601072e-01 4.483449692862771091e-03 -2.567874679258414172e+00 -1.079781099033067134e-02 -4.536408115293956260e-03 9.999314117813972169e-01 1.381899963131132552e+02
9.999451672414331194e-01 3.688327644750542377e-03 9.800956833077231756e-03 -7.514409218754637410e-01 -3.737394313554798231e-03 9.999805521261644348e-01 4.992720593002875074e-03 -2.595532297557384904e+00 -9.782351601044252457e-03 -5.029076908450665767e-03 9.999395051560483472e-01 1.394987122090441574e+02
9.999586198511047908e-01 2.576601066922727321e-03 8.724661513375900693e-03 -7.332636346868542931e-01 -2.619469668403957320e-03 9.999845364290806948e-01 4.905638083307429023e-03 -2.601431249978715776e+00 -8.711886873201894754e-03 -4.928289112514014358e-03 9.999499062372043667e-01 1.408914964795542915e+02
9.999665344151668078e-01 2.506456038326657174e-03 7.787665442323205879e-03 -7.223259785468418848e-01 -2.542740806876526028e-03 9.999859426006381113e-01 4.652856527518255993e-03 -2.631757610117106516e+00 -7.775893918249792043e-03 -4.672502869170128484e-03 9.999588507443466501e-01 1.422300794245954307e+02
9.999746073478452679e-01 2.483813438205214816e-03 6.679471108140872318e-03 -7.254402755319001583e-01 -2.509573080878014974e-03 9.999894361583504532e-01 3.850924355406692284e-03 -2.642362988752702702e+00 -6.669835681778572660e-03 -3.867589222228326289e-03 9.999702770772207483e-01 1.435461621858254375e+02
9.999822170527227216e-01 1.662926869187907747e-03 5.727150855520891405e-03 -7.398836629416559729e-01 -1.676333671850728166e-03 9.999958643627131494e-01 2.336913662985000591e-03 -2.672072044698575066e+00 -5.723241150684807953e-03 -2.346472739031901268e-03 9.999808691017372242e-01 1.449019079311562166e+02
9.999869677565103032e-01 -9.042108349132969370e-04 5.024612242960451586e-03 -7.374089896691752299e-01 8.980964180343889262e-04 9.999988537074923078e-01 1.219017884000042629e-03 -2.726016714783879191e+00 -5.025708818265508561e-03 -1.214489417080645214e-03 9.999866335406526474e-01 1.462565616903965804e+02
9.999482784481734665e-01 -9.387298629596012994e-03 3.913958975978314159e-03 -7.161492884008443527e-01 9.373076889438671302e-03 9.999494602316150171e-01 3.636261082142832474e-03 -2.735223139006600412e+00 -3.947895898086177351e-03 -3.599387193493678878e-03 9.999857291608642562e-01 1.476198524318261320e+02
9.998397606769946488e-01 -1.778464828073111209e-02 2.039433263224198732e-03 -7.302680500145751763e-01 1.777455387129600953e-02 9.998301822836557218e-01 4.865367187529383297e-03 -2.754813957400563229e+00 -2.125615805876270199e-03 -4.828337577919213607e-03 9.999860843591695803e-01 1.489803038629553669e+02
9.998152760229206404e-01 -1.919447498721155165e-02 9.929728479061285078e-04 -7.048972955623914460e-01 1.919250587474728015e-02 9.998138933367027859e-01 1.956112533042770815e-03 -2.796792074856160326e+00 -1.030334616031268686e-03 -1.936693558327473412e-03 9.999975938109301188e-01 1.503240935306621111e+02
9.998323428449100714e-01 -1.825522637429893499e-02 1.425813564697764844e-03 -7.094236653471104326e-01 1.825671298805854256e-02 9.998327949773844203e-01 -1.036574982693916867e-03 -2.824776987335964940e+00 -1.406652273847019486e-03 1.062431886372867647e-03 9.999984462816509101e-01 1.516233930086029034e+02
9.998688494829172102e-01 -1.606842735627092913e-02 2.022252806136070214e-03 -7.230826132459791111e-01 1.607428901636683699e-02 9.998665469124224936e-01 -2.916431188030269017e-03 -2.852682017423866956e+00 -1.975120502719068978e-03 2.948555012837743728e-03 9.999937024397204111e-01 1.529490528073366704e+02
9.998748285082665888e-01 -1.556958075144020993e-02 2.813450097177179823e-03 -7.188466348362081426e-01 1.557772333802669856e-02 9.998744666621719457e-01 -2.895760048566750709e-03 -2.885055674671754833e+00 -2.768011194408925933e-03 2.939224769695394923e-03 9.999918495005361008e-01 1.543736149041317560e+02
9.998233272400431915e-01 -1.851267322539479343e-02 3.255038028303697088e-03 -7.278801966751343722e-01 1.851373351647659857e-02 9.998285623577797265e-01 -2.958605100448115106e-04 -2.911828758925087968e+00 -3.249002877833502469e-03 3.560711654537301570e-04 9.999946585803215493e-01 1.556696417102922112e+02
9.997119264610193623e-01 -2.371595535367822249e-02 3.690202911303733062e-03 -7.202637814346476430e-01 2.370648779425035130e-02 9.997156103798819915e-01 2.588582513893483619e-03 -2.940617774753678138e+00 -3.750544223166005827e-03 -2.500355064379361763e-03 9.999898407674575607e-01 1.570130085061298075e+02
9.996147377238379095e-01 -2.745822403603623285e-02 4.052420040323566688e-03 -6.958125141883290121e-01 2.744356290502839024e-02 9.996167626022796071e-01 3.630252639302732759e-03 -2.953861851441037523e+00 -4.150547357154417243e-03 -3.517641204862179474e-03 9.999851994666153487e-01 1.583469413992434625e+02
9.995821879928348253e-01 -2.863839522948513974e-02 3.910475379571047398e-03 -6.892966787423835395e-01 2.862333978614460886e-02 9.995828413476512964e-01 3.853265597199074730e-03 -2.988043467495169470e+00 -4.019195496865995108e-03 -3.739724801637009637e-03 9.999849301471944729e-01 1.597113121643180023e+02
9.996126705948291669e-01 -2.742198598240901813e-02 4.748001892471253108e-03 -6.905958386972667062e-01 2.740185967803299150e-02 9.996154495642304294e-01 4.253355522721903419e-03 -3.005718729555808544e+00 -4.862811579041733702e-03 -4.121604005614148969e-03 9.999796825128671740e-01 1.610772463483689876e+02
9.996736068993743451e-01 -2.486758509626552441e-02 5.855162586105725278e-03 -7.125434351340386163e-01 2.484594925771600391e-02 9.996842979614363189e-01 3.739408121830646754e-03 -3.021952842213833090e+00 -5.946304245829750999e-03 -3.592710542397084105e-03 9.999758666537267304e-01 1.624380610544010324e+02
9.997490650809375268e-01 -2.136738930626620736e-02 6.726186775328537801e-03 -7.112058751462015938e-01 2.135273608829608288e-02 9.997694884626217027e-01 2.242891990525874759e-03 -3.051167230685617238e+00 -6.772561170927117805e-03 -2.098706677552587049e-03 9.999748636026846160e-01 1.637741830795365559e+02
9.997653658998378878e-01 -2.041189150534602689e-02 7.250370750190512914e-03 -7.070813018752714063e-01 2.040150013700295362e-02 9.997907359790660919e-01 1.504329731124466737e-03 -3.063891035446961730e+00 -7.279559846212319517e-03 -1.356058315633172640e-03 9.999725841768210000e-01 1.650957215263691751e+02
9.998188666375500411e-01 -1.745502311213774013e-02 7.586575199762410522e-03 -7.262872761991223669e-01 1.743971376874240559e-02 9.998457541884356869e-01 2.079467431929755191e-03 -3.097036001475702349e+00 -7.621702282626536921e-03 -1.946783069630280815e-03 9.999690593616958889e-01 1.664786841578678889e+02
9.998213253306250659e-01 -1.728211920979535673e-02 7.658055173676265627e-03 -7.078295720886765841e-01 1.726587979194127778e-02 9.998485534102463657e-01 2.181652693438738359e-03 -3.112325300026369757e+00 -7.694599098674124310e-03 -2.049039826887167140e-03 9.999682967830325619e-01 1.678207405995592012e+02
9.998461557191652416e-01 -1.611416452686281059e-02 6.928104490591899603e-03 -7.287017975790727187e-01 1.611166928621134489e-02 9.998701121430808580e-01 4.158461417219155506e-04 -3.123785530807194455e+00 -6.933905745084963969e-03 -3.041588229151410429e-04 9.999759139247731410e-01 1.691734948139863661e+02
9.999160911509707983e-01 -1.108684245477600111e-02 6.700194766465080234e-03 -7.174811650305906729e-01 1.110499582896854430e-02 9.999347508483960034e-01 -2.678263300027744574e-03 -3.159415478050467740e+00 -6.670064218010387375e-03 2.752444244220529808e-03 9.999739668036055074e-01 1.705499430282511355e+02
9.999635392713037696e-01 -5.751304177708070099e-03 6.312103200853770579e-03 -7.212066883521932592e-01 5.776899756034642279e-03 9.999751353026240519e-01 -4.044279411311755071e-03 -3.199818561514081505e+00 -6.288686483293677576e-03 4.080596388739221071e-03 9.999719001785114525e-01 1.719384113956918725e+02
9.999765616450350114e-01 -2.348856969695258413e-03 6.431099760461597356e-03 -7.339589675740884056e-01 2.370868650056231000e-03 9.999913507938036350e-01 -3.417208756687748622e-03 -3.226173043676549224e+00 -6.423017716091113972e-03 3.432375994883351145e-03 9.999734814631687785e-01 1.732931430336448386e+02
9.999748961252932222e-01 1.246337054431483765e-03 6.975225429170815901e-03 -7.481138670815137282e-01 -1.238012324665927096e-03 9.999985164642724023e-01 -1.197663259288306607e-03 -3.258779015007428281e+00 -6.976707895304867096e-03 1.188997794761498380e-03 9.999749555973947990e-01 1.746704298448495365e+02
9.999754203074545655e-01 3.632126358468658464e-04 7.001918724229803069e-03 -7.450389765478325765e-01 -3.711231041601744675e-04 9.999992943882679564e-01 1.128490605147820531e-03 -3.281496373734980043e+00 -7.001504021769954303e-03 -1.131061445177405185e-03 9.999748495000723159e-01 1.760334880318659145e+02
9.999798756277807898e-01 -5.948970709675937196e-05 6.343879628790088758e-03 -7.362603927865812858e-01 4.683471703753322305e-05 9.999980089591662402e-01 1.994964578578274812e-03 -3.313572494323306916e+00 -6.343985785721672523e-03 -1.994627329779699327e-03 9.999778874047100530e-01 1.774334912456897939e+02
9.999860862893431568e-01 -2.742752899644772951e-03 4.506056507305650216e-03 -7.410874872879001929e-01 2.733714853554840025e-03 9.999942419319057807e-01 2.010696566377664571e-03 -3.340102847362393046e+00 -4.511545480942406178e-03 -1.998350328788004067e-03 9.999878261997966478e-01 1.788017946972959180e+02
9.999929685570896343e-01 -2.575445746908113474e-03 2.725788692612539192e-03 -7.417578568021099272e-01 2.579854481218154649e-03 9.999953678392076162e-01 -1.615130512923968701e-03 -3.370957082752528589e+00 -2.721616433663394743e-03 1.622151313634736516e-03 9.999949806999539614e-01 1.801931596190870835e+02
9.999983459979074896e-01 -6.210763979993319788e-04 1.709464551596102510e-03 -7.433253764757252746e-01 6.299284450902900134e-04 9.999863718399605306e-01 -5.182598207764342255e-03 -3.407596980484002280e+00 -1.706222499594684926e-03 5.183666525739538677e-03 9.999851090906098916e-01 1.815843278884263157e+02
9.999982985537586577e-01 1.750294898068344412e-03 5.825417631793737604e-04 -7.780386061299242595e-01 -1.746375437198846451e-03 9.999762831546886721e-01 -6.662079647733465393e-03 -3.428105170744686792e+00 -5.941885677940605178e-04 6.661051036477304114e-03 9.999776384185899980e-01 1.829914211363042398e+02
9.999818853717670208e-01 5.984305789193491466e-03 6.457569835910050189e-04 -7.672239590554023048e-01 -5.980557524444803617e-03 9.999661081818154162e-01 -5.658218068577402886e-03 -3.450878320152279688e+00 -6.795956224835907836e-04 5.654253633665231975e-03 9.999837836504155142e-01 1.843649617649926142e+02
9.999687581963563332e-01 7.894333661049414766e-03 4.026322548993229388e-04 -7.961266228176571147e-01 -7.893311463534578853e-03 9.999657712774990825e-01 -2.480307065870942552e-03 -3.481843279945109337e+00 -4.221988552843942370e-04 2.477051492421726304e-03 9.999968429765055955e-01 1.857850103108009421e+02
9.999670364683923562e-01 8.031569114748126487e-03 1.191578967877304556e-03 -7.855044314544195050e-01 -8.030688957917260506e-03 9.999674784684177142e-01 -7.416575483512132362e-04 -3.515979212084366257e+00 -1.197496911997686288e-03 7.320639028328721843e-04 9.999990150404067801e-01 1.871827173345354538e+02
9.999792460430071417e-01 6.290897994320061339e-03 1.389991236744183862e-03 -7.850910945984321820e-01 -6.291335008529195909e-03 9.999801612442584808e-01 3.102154278314191334e-04 -3.537760575253369399e+00 -1.388012151821070355e-03 -3.189538962293406534e-04 9.999989858439006785e-01 1.885287186298759252e+02
9.999801718313860999e-01 6.231463093109497128e-03 9.081856662319125672e-04 -7.930786735123753761e-01 -6.232021401036372428e-03 9.999803927811712345e-01 6.131673354321471930e-04 -3.569150734652292378e+00 -9.043469453444949501e-04 -6.188150191829292152e-04 9.999993996115457140e-01 1.899543156056856787e+02
9.999915348248197278e-01 3.919451287399864335e-03 1.252267806695831279e-03 -7.896452294734799260e-01 -3.921106135852590185e-03 9.999914389247164248e-01 1.321745446642200693e-03 -3.592929208757358328e+00 -1.247076589817736709e-03 -1.326644546607762395e-03 9.999983424050233882e-01 1.913723692046428937e+02
9.999977106370567803e-01 1.676755878065076203e-03 1.329364164024782668e-03 -8.087476995652278511e-01 -1.678650416774147809e-03 9.999975753186585159e-01 1.425304314638221577e-03 -3.614101742562026764e+00 -1.326971075184620171e-03 -1.427532602377013741e-03 9.999981006466550637e-01 1.927950903473573305e+02
9.999979643606883295e-01 -9.353953566457655442e-04 1.787823868822588326e-03 -8.026794756338777592e-01 9.316636994161563937e-04 9.999973882926967983e-01 2.086961509726575209e-03 -3.639980299563593480e+00 -1.789771362619173734e-03 -2.085291627678635164e-03 9.999962241305270227e-01 1.941844447486563183e+02
9.999882012052603297e-01 -4.374379277579372970e-03 2.112407875870819622e-03 -8.038659210832455049e-01 4.367000772403628259e-03 9.999843918297943723e-01 3.485024002862521179e-03 -3.670046541033835208e+00 -2.127619754990870467e-03 -3.475758023859603328e-03 9.999916961346516642e-01 1.956680808258453510e+02
9.999725899946915186e-01 -6.942341026779018549e-03 2.573553250752284947e-03 -8.056571380154100570e-01 6.933440018081240414e-03 9.999700064622067952e-01 3.451604300658309057e-03 -3.683198367120173788e+00 -2.597438315985501744e-03 -3.433666139350968847e-03 9.999907315812092135e-01 1.970779441895070079e+02
9.999791374473866457e-01 -5.920179518251914713e-03 2.583826356118557391e-03 -8.238364769072503702e-01 5.921966728903034147e-03 9.999822306729292398e-01 -6.845713367158276670e-04 -3.714006340047993238e+00 -2.579727702736621907e-03 6.998584014989004580e-04 9.999964275933942437e-01 1.984771068580654401e+02
9.999947129407359414e-01 7.692507474098406921e-04 3.159485195112184293e-03 -8.224869178980422912e-01 -7.545956686834482882e-04 9.999889642665035216e-01 -4.637017658620581906e-03 -3.764991691251672989e+00 -3.163017416317443799e-03 4.634609053572255610e-03 9.999842577334532301e-01 1.999181769361105978e+02
9.999475803150144060e-01 9.313595626444622771e-03 4.253650945683129340e-03 -8.373956069457803020e-01 -9.290727759418538831e-03 9.999424502866331999e-01 -5.364560680173698602e-03 -3.779957288775354307e+00 -4.303369578575385983e-03 5.324760005049788275e-03 9.999765636926793988e-01 2.013234565038641506e+02
9.998561274114640129e-01 1.597919965814256424e-02 5.691188962549062827e-03 -8.472985229156090314e-01 -1.596779883226851979e-02 9.998704191847666012e-01 -2.043103468793153708e-03 -3.791817173197193913e+00 -5.723098754386518779e-03 1.951933773741510413e-03 9.999817178765648684e-01 2.027498678820650184e+02
9.998474742058014453e-01 1.622198126733706211e-02 6.471137784703263375e-03 -8.504432603075977593e-01 -1.622332757672967016e-02 9.998683810718863585e-01 1.555864454832961777e-04 -3.827042031152648516e+00 -6.467762253442460758e-03 -2.605461104247692181e-04 9.999790498599716582e-01 2.042146752449018550e+02
9.998540156022364123e-01 1.611985912876213664e-02 5.665474489873298380e-03 -8.641163032758354401e-01 -1.612358152099301056e-02 9.998698193629975695e-01 6.119458642785461071e-04 -3.860884891204400926e+00 -5.654872572536977053e-03 -7.032042820840149174e-04 9.999837638245352434e-01 2.056553561342358591e+02
9.999126481133310262e-01 1.230271603083970405e-02 4.831076859658451315e-03 -8.454325013989798521e-01 -1.230540992982800605e-02 9.999241460442017670e-01 5.282689743911485282e-04 -3.882642061384686816e+00 -4.824211344416745248e-03 -5.876712198428033634e-04 9.999881907408667558e-01 2.071003671465257412e+02
9.999241201578615845e-01 1.172495926952574728e-02 3.778788018910067895e-03 -8.478309434015769419e-01 -1.172671803438592349e-02 9.999311412988417525e-01 4.435849987213008236e-04 -3.920015232652208859e+00 -3.773326866501587520e-03 -4.878641304028216415e-04 9.999927619678045110e-01 2.085326527400129919e+02
9.999245346254365119e-01 1.183342280641413655e-02 3.300778725330696418e-03 -8.546247881400947932e-01 -1.183310647941645220e-02 9.999299796997279666e-01 -1.153768061702586836e-04 -3.938699874001609036e+00 -3.301912964781451940e-03 7.630962853534211765e-05 9.999945457567006590e-01 2.100151942942834751e+02
9.999286381951261182e-01 1.153625630688635308e-02 3.103754084836925480e-03 -8.711916971586286529e-01 -1.153556374868909551e-02 9.999334341455313746e-01 -2.409759410774371040e-04 -3.966384730852170915e+00 -3.106327496156855491e-03 2.051551881464415926e-04 9.999951543065590531e-01 2.114757981954239483e+02
9.998915857686889730e-01 1.446168179903163480e-02 2.770639603386890019e-03 -8.589609516831462344e-01 -1.446235817506637787e-02 9.998953895077475895e-01 2.241998495669112455e-04 -3.989960894143280701e+00 -2.767107507646241870e-03 -2.642455354639601474e-04 9.999961366358572912e-01 2.129493411694567726e+02
9.999168420277169123e-01 1.259076139653627843e-02 2.789576305319117419e-03 -8.716438416371787845e-01 -1.259092697242483565e-02 9.999207302773157613e-01 4.176398435735579891e-05 -4.032592828884467018e+00 -2.788829385503241790e-03 -7.688386986816036074e-05 9.999961082503089349e-01 2.144281794298201476e+02
9.998960823845850499e-01 1.420855324215434569e-02 2.437503252611506951e-03 -8.703211208355560169e-01 -1.420701040683571351e-02 9.998988646250838164e-01 -6.491570233992397182e-04 -4.050272895535425022e+00 -2.446480361288817448e-03 6.144599283969098390e-04 9.999968185796310749e-01 2.158647306458237551e+02
9.999003314301040390e-01 1.395602643688157764e-02 2.134597753274439149e-03 -8.828822686410781051e-01 -1.395395084405534093e-02 9.999021544970612130e-01 -9.842335064092293771e-04 -4.091308771768651376e+00 -2.148124920796890078e-03 9.543493380916945670e-04 9.999972373829540961e-01 2.173568697689680391e+02
9.999053615153357111e-01 1.367152138005408961e-02 1.535412431969648741e-03 -8.823580777267222564e-01 -1.367008270089857189e-02 9.999061147509448189e-01 -9.436893776596926324e-04 -4.117791317830296727e+00 -1.548169977926889271e-03 9.226108537047608867e-04 9.999983759769892622e-01 2.188014748945411156e+02
9.999028019645572751e-01 1.385921112583648855e-02 1.519495074632255934e-03 -9.084597871740291986e-01 -1.385712099861827022e-02 9.999030364923037206e-01 -1.377620629747224610e-03 -4.145045078199814270e+00 -1.538440503503020170e-03 1.356430904771281816e-03 9.999978966446049222e-01 2.202814801031960315e+02
9.998981795358868885e-01 1.422401367133734051e-02 1.143664948621786340e-03 -9.096981784380726577e-01 -1.422222825064963815e-02 9.998976506461094704e-01 -1.554504509962031759e-03 -4.174054444923250173e+00 -1.165659211687629111e-03 1.538080770866478118e-03 9.999981377703824892e-01 2.217860004891593064e+02
9.998858526049488882e-01 1.506657486464723847e-02 1.131394786947784907e-03 -9.201217793159469638e-01 -1.506469204933184869e-02 9.998851518621191259e-01 -1.654741430309169094e-03 -4.199512531720629660e+00 -1.156196157045456243e-03 1.637508437362669060e-03 9.999979908853053878e-01 2.232440291384763498e+02
9.998848312393066040e-01 1.517139859200167945e-02 3.910152300781419591e-04 -9.274589748862653860e-01 -1.517080816985397554e-02 9.998838340150054682e-01 -1.471422844539164955e-03 -4.228051678082672460e+00 -4.132933599086869615e-04 1.465321368731821667e-03 9.999988410098384906e-01 2.247395234743877381e+02
9.998875008782314167e-01 1.499646425443789885e-02 3.026849819668419911e-04 -9.315966478429326125e-01 -1.499591543361361579e-02 9.998860393057719120e-01 -1.740962857928194177e-03 -4.258267080758884049e+00 -3.287587838421028369e-04 1.736227968462889871e-03 9.999984387134348562e-01 2.262417882014102304e+02
9.998907716828557835e-01 1.477973937039181104e-02 6.307593451737314178e-05 -9.348533072445842640e-01 -1.477960975420370034e-02 9.998893073998560421e-01 -1.713508809294668695e-03 -4.300831859737343166e+00 -8.839417068266077545e-05 1.712389413344832462e-03 9.999985299531749527e-01 2.277379656381947939e+02
9.998839226257371093e-01 1.523348320210389864e-02 2.867654606242226530e-04 -9.431049254498370393e-01 -1.523291386180358059e-02 9.998821804367659105e-01 -1.893042728888512209e-03 -4.322860852669411003e+00 -3.155693173880884947e-04 1.888454722838862681e-03 9.999981670753006480e-01 2.292297705992801014e+02
9.999132994781091410e-01 1.316365960791554025e-02 3.340168104868421585e-04 -9.615877681789209985e-01 -1.316301452942410591e-02 9.999116237884123626e-01 -1.865392043768376732e-03 -4.363693909860253406e+00 -3.585426865011499776e-04 1.860833653357373300e-03 9.999982043705862855e-01 2.307300541979063837e+02
9.999330599319944390e-01 1.155967097197023799e-02 4.996401497547776774e-04 -9.561339416743589448e-01 -1.155925663007001045e-02 9.999328496102595221e-01 -8.245478282457775364e-04 -4.405327510283397530e+00 -5.091381110618571019e-04 8.187171641164620126e-04 9.999995352397487158e-01 2.322056777649902415e+02
9.999395944806593883e-01 1.098175916523001783e-02 4.564371014907084908e-04 -9.776883221003271895e-01 -1.098138557797407461e-02 9.999393720453719769e-01 -8.132808688815398434e-04 -4.423798462379738616e+00 -4.653406931969731436e-04 8.082194305662644945e-04 9.999995651191946333e-01 2.336887885076897362e+02
9.999426489661564776e-01 1.070728553826029959e-02 2.297705929908693977e-04 -9.681078415382032842e-01 -1.070699598408485741e-02 9.999419259193726983e-01 -1.226803431119243004e-03 -4.455682229319181786e+00 -2.428929903364384030e-04 1.224272923810317080e-03 9.999992210788066771e-01 2.351942863988547288e+02
9.999154607060390942e-01 1.295000691165164135e-02 1.169930899419205144e-03 -9.755218489518465708e-01 -1.294800494416488250e-02 9.999147209545923287e-01 -1.702942144694984334e-03 -4.498577456609467617e+00 -1.191884264876131271e-03 1.687649915610366438e-03 9.999978656215658956e-01 2.366942371621137511e+02
9.999168864651645228e-01 1.281593747921593203e-02 1.404238308124252169e-03 -9.966807439363779553e-01 -1.281482888911087033e-02 9.999175701196526544e-01 -7.957083472683322599e-04 -4.515415408065727831e+00 -1.414320331857992202e-03 7.776471389452726223e-04 9.999986974795611605e-01 2.382026029203549058e+02
9.999283579859516990e-01 1.182913151886428108e-02 1.830443255284054703e-03 -1.007604939243931685e+00 -1.183112672579967120e-02 9.999294232983773068e-01 1.082998312554485712e-03 -4.544425430595723014e+00 -1.817503170806653370e-03 -1.104576947275028725e-03 9.999977382923107561e-01 2.397172624754029755e+02
9.999322339689736827e-01 1.139384512745211450e-02 2.389088558973140059e-03 -1.007082518714603525e+00 -1.139765552851578455e-02 9.999337846608417069e-01 1.587376471123213943e-03 -4.562882495526476845e+00 -2.370844083704634359e-03 -1.614498929993825240e-03 9.999958862358687695e-01 2.412069529429762156e+02
9.999262300245875812e-01 1.184821095988069541e-02 2.674768481119857606e-03 -1.012439358085413632e+00 -1.184892296322163398e-02 9.999297676908084354e-01 2.504664155579448500e-04 -4.596822479486275093e+00 -2.671613094218069744e-03 -2.821410727812634052e-04 9.999963914316494229e-01 2.427476797614983468e+02
9.999239408598262768e-01 1.186541576178554679e-02 3.365172443826035427e-03 -1.015427951777469362e+00 -1.186244352532353497e-02 9.999292320552892743e-01 -9.018526588010778973e-04 -4.625698950985719371e+00 -3.375635214686323934e-03 8.618648993017886907e-04 9.999939311171246459e-01 2.442888439451381544e+02
9.999115724411326012e-01 1.284878280276082092e-02 3.428710876602468309e-03 -1.022956963947259990e+00 -1.284727825661968227e-02 9.999173642868818268e-01 -4.605042757803088889e-04 -4.657912766497848800e+00 -3.434344523197809494e-03 4.164139497930838350e-04 9.999940159183037247e-01 2.457716930122706742e+02
9.998976488334201385e-01 1.394590470583322722e-02 3.194303719054593978e-03 -1.033490968719425585e+00 -1.394713597915486075e-02 9.999026679200879730e-01 3.634715546743183339e-04 -4.695640980324195191e+00 -3.188923927402608893e-03 -4.079857518659933788e-04 9.999948321404440454e-01 2.473074584188076983e+02
9.999113765954585897e-01 1.293773129721458373e-02 3.139114968605877069e-03 -1.037204480195400125e+00 -1.294035473415375628e-02 9.999159364879860457e-01 8.168242281187326282e-04 -4.716345307904686202e+00 -3.128283285872176557e-03 -8.573731136977289988e-04 9.999947393616559488e-01 2.488372180299146805e+02
9.999108360889253921e-01 1.299493997398163542e-02 3.074310613325826128e-03 -1.043583791338533073e+00 -1.299796798726848314e-02 9.999150552895871291e-01 9.669842900072403869e-04 -4.754287506603143143e+00 -3.061483617482956953e-03 -1.006857876394822490e-03 9.999948067621926562e-01 2.503692992680121563e+02
9.998765185416080836e-01 1.541974375327099210e-02 3.029710435011533868e-03 -1.049318883978032080e+00 -1.542332352699343247e-02 9.998803786052963272e-01 1.161723589654212966e-03 -4.794561499255952874e+00 -3.011434589323625389e-03 -1.208308361721297831e-03 9.999947356105464147e-01 2.519014275628705946e+02
9.998717570092957585e-01 1.566643307740289356e-02 3.321503162186682009e-03 -1.052690202123538699e+00 -1.567047299670264529e-02 9.998764980234331468e-01 1.193736635011754263e-03 -4.805658302846434360e+00 -3.302391412467690652e-03 -1.245633091672323708e-03 9.999937712830915260e-01 2.534078514444205723e+02
9.998536232565978787e-01 1.676062160805743065e-02 3.437091107518732390e-03 -1.050551454862570067e+00 -1.676570750638815832e-02 9.998583852077149725e-01 1.456233008249772963e-03 -4.822448402801418510e+00 -3.412197053498526415e-03 -1.513645136322845034e-03 9.999930328684343284e-01 2.549225781666630155e+02
9.998784903375554922e-01 1.528632631723599901e-02 3.054956947327751998e-03 -1.047146921045057688e+00 -1.529131098660381667e-02 9.998817768464673961e-01 1.614982494080391233e-03 -4.868056609732277273e+00 -3.029908683735428078e-03 -1.661500578047023441e-03 9.999940295149102321e-01 2.564825737795401324e+02
9.998959605367738757e-01 1.407395223374091099e-02 3.161004171287961489e-03 -1.056400976937931224e+00 -1.408144320805272860e-02 9.998980661398639835e-01 2.360151268407339326e-03 -4.893785085042948957e+00 -3.127465355055996168e-03 -2.404417249351232209e-03 9.999922188369602116e-01 2.580141780641314995e+02
9.999289214685715965e-01 1.146711944072659542e-02 3.264531288956783184e-03 -1.063290735775439089e+00 -1.147734518491045318e-02 9.999292310768159719e-01 3.131039307002485457e-03 -4.928120224197117594e+00 -3.228396314018575162e-03 -3.168284943986778446e-03 9.999897696597404018e-01 2.595405251457599434e+02
9.999550130602742337e-01 9.028801307653292960e-03 2.907333681448327246e-03 -1.070543499379446262e+00 -9.035557809912803107e-03 9.999564889754475328e-01 2.319238619683119864e-03 -4.941447384177298119e+00 -2.886267284428308683e-03 -2.345403691015440426e-03 9.999930842457421809e-01 2.610795259313779297e+02
9.999553222697691313e-01 8.889428815997881678e-03 3.214266156549963008e-03 -1.074025890223686108e+00 -8.895433404640631231e-03 9.999587075210490950e-01 1.858637682135205098e-03 -4.965167232958021870e+00 -3.197611258691959290e-03 -1.887146953593633013e-03 9.999931069536025507e-01 2.625663154477428520e+02
9.999713861710718410e-01 6.739652400508252920e-03 3.435682814318559864e-03 -1.070522845547762669e+00 -6.750651778558448488e-03 9.999720939153604604e-01 3.200016118407934904e-03 -4.998589694033966246e+00 -3.414019998378265384e-03 -3.223117683193221783e-03 9.999889779272629342e-01 2.641121749485664054e+02
9.999802094215894943e-01 4.893612701046684554e-03 3.953898824468904567e-03 -1.079176989858446900e+00 -4.911826341437922419e-03 9.999773107310194753e-01 4.609988420543627459e-03 -5.008939929453956275e+00 -3.931249679810369831e-03 -4.629318092949676056e-03 9.999815571728479791e-01 2.656791051306057057e+02
9.999808860725328818e-01 4.936959863127594016e-03 3.722084436345553509e-03 -1.067738384821845798e+00 -4.953898501595946184e-03 9.999773531921732905e-01 4.555436378294151593e-03 -5.051996263994230851e+00 -3.699510196800736769e-03 -4.573788176606216269e-03 9.999826968913936298e-01 2.672143901730080415e+02
9.999840213925956789e-01 4.028134975471248103e-03 3.966243288101226408e-03 -1.061018438920180662e+00 -4.041738482735811842e-03 9.999859571971172478e-01 3.427793075051995160e-03 -5.075888736174110960e+00 -3.952380043426732825e-03 -3.443768852643827767e-03 9.999862594774042712e-01 2.687202022544004762e+02
9.999800086833673385e-01 4.360163802484295394e-03 4.579432614267329310e-03 -1.072772532583023963e+00 -4.374024067995016529e-03 9.999858706868598457e-01 3.020984542605698649e-03 -5.101577514922409406e+00 -4.566195999285795927e-03 -3.040954724404887864e-03 9.999849511083196418e-01 2.703182846038189382e+02
9.999643507599205172e-01 5.945765648677890473e-03 5.995421306423922604e-03 -1.108217116328817475e+00 -5.964232937302885347e-03 9.999775102748488242e-01 3.067063832382260422e-03 -5.119259646271704156e+00 -5.977050529509458227e-03 -3.102712610276925007e-03 9.999773237600730891e-01 2.717697339985203371e+02
9.999395569779900850e-01 8.991856687824501676e-03 6.326839246470421230e-03 -1.084391440266726514e+00 -9.010603344273790741e-03 9.999550794038608581e-01 2.940785335205230340e-03 -5.164084025481084694e+00 -6.300112028031030695e-03 -2.997616252162364162e-03 9.999756611426888764e-01 2.733657769995237459e+02
9.999221519861256624e-01 9.514115522574938255e-03 8.072890753019956386e-03 -1.100664174124719397e+00 -9.538385387930574735e-03 9.999500884836245440e-01 2.973173964781332043e-03 -5.185223828003845625e+00 -8.044200839668886119e-03 -3.049944879560321891e-03 9.999629936450594725e-01 2.749350662566604342e+02
9.999217515158920211e-01 9.134003464722888557e-03 8.547562181074483401e-03 -1.095136455852345536e+00 -9.155124567634374128e-03 9.999551258883846439e-01 2.435142853987608876e-03 -5.198338658696042280e+00 -8.524936159768941452e-03 -2.513206325892621516e-03 9.999605038436617521e-01 2.764688033583976789e+02
9.999015832387444513e-01 1.018553501098482840e-02 9.647730583820209385e-03 -1.096041231154512463e+00 -1.020563348952152269e-02 9.999458478312152065e-01 2.036288148627355896e-03 -5.237961845004329930e+00 -9.626467619800216022e-03 -2.134548963950519233e-03 9.999513862235630546e-01 2.780417085689542205e+02
9.998891692092586325e-01 1.066449721822256870e-02 1.038834872054007069e-02 -1.090440953805190016e+00 -1.068076828976979170e-02 9.999418157598956025e-01 1.512052866608473625e-03 -5.267417719999428094e+00 -1.037161917794085682e-02 -1.622840842998289840e-03 9.999448964272278362e-01 2.795862283874753302e+02
9.998891493020252152e-01 1.015892072516798479e-02 1.088510134754354548e-02 -1.080835890103941654e+00 -1.017899425572306969e-02 9.999465900194054457e-01 1.790308283539564877e-03 -5.294477095253556698e+00 -1.086633256199236175e-02 -1.900909225255430083e-03 9.999391528227857817e-01 2.810894114501970762e+02
9.998991397325170949e-01 7.366881059974423468e-03 1.214246375439873363e-02 -1.065813919613729288e+00 -7.398400161139830067e-03 9.999693727326863790e-01 2.552897405811224187e-03 -5.313319043501106620e+00 -1.212328518059889275e-02 -2.642474743930307238e-03 9.999230186718076618e-01 2.826335149413928320e+02
9.999046807444111895e-01 6.324833892669168810e-03 1.227297454688259376e-02 -1.057979938816093091e+00 -6.359711638498182808e-03 9.999758430583723934e-01 2.804884842847125536e-03 -5.362789816574441204e+00 -1.225493784881765205e-02 -2.882670081966976980e-03 9.999207502085002419e-01 2.842045676999186981e+02
9.999069521563700436e-01 5.219371932415940891e-03 1.260338014359241830e-02 -1.064149298969435886e+00 -5.231954375762723486e-03 9.999858470685492051e-01 9.655701379271274150e-04 -5.375720449364115971e+00 -1.259816231686351415e-02 -1.031420605080661046e-03 9.999201080401546315e-01 2.857178899546800039e+02
9.999179741867708637e-01 4.954094133346096350e-03 1.181109031095467846e-02 -1.044547727821624417e+00 -4.940583093333529401e-03 9.999871074694229867e-01 -1.172835545864960548e-03 -5.408180590438130153e+00 -1.181674857995755092e-02 1.114385687674252466e-03 9.999295588106010824e-01 2.872340734888733778e+02
9.999272974006035986e-01 4.698542804525974483e-03 1.110511653307235183e-02 -1.029396101253315488e+00 -4.684810886943803314e-03 9.999882295918777197e-01 -1.262233640127654417e-03 -5.433376159094051694e+00 -1.111091667409585919e-02 1.210116519734406133e-03 9.999375396168450614e-01 2.888056920367844214e+02
9.999376835544295794e-01 3.408130812097815310e-03 1.063078824603381524e-02 -1.025430571022589499e+00 -3.393390004887919097e-03 9.999932563372371241e-01 -1.404347172323526126e-03 -5.470391094834909040e+00 -1.063550294022419344e-02 1.368185267848541151e-03 9.999425054137170976e-01 2.903602994203006915e+02
9.999510128602403514e-01 3.512012073322840107e-03 9.254061588432017579e-03 -1.012303630643170527e+00 -3.494130446612055303e-03 9.999919986062841826e-01 -1.947763533095483697e-03 -5.505230385880563126e+00 -9.260828274573180627e-03 1.915333243089787849e-03 9.999552832733977770e-01 2.919157901071490073e+02
9.999516167933991673e-01 3.901670503788093151e-03 9.030007943762541692e-03 -1.010306843704159352e+00 -3.882799831906846074e-03 9.999902435002335777e-01 -2.106365953601487071e-03 -5.537612222035007470e+00 -9.038138347219155586e-03 2.071202352198447342e-03 9.999570101581338744e-01 2.934830285666370742e+02
9.999572055578794805e-01 4.451860533111463153e-03 8.109746760124726325e-03 -1.006569132576976777e+00 -4.437349362425702451e-03 9.999885232379217559e-01 -1.806469431977530569e-03 -5.563282339760244888e+00 -8.117695979115425314e-03 1.770406366169188696e-03 9.999654837356707349e-01 2.950204505322010391e+02
9.999667634337665589e-01 3.387119992000819663e-03 7.416161342161891809e-03 -9.786936511291528529e-01 -3.377118263656674751e-03 9.999933716955626828e-01 -1.360751186348694826e-03 -5.593975361928146484e+00 -7.420721343211056711e-03 1.335660722502581867e-03 9.999715740437163936e-01 2.965980010063599934e+02
9.999729734967085504e-01 3.082151192504660204e-03 6.674775126909044017e-03 -1.018055902147084968e+00 -3.081299527518703649e-03 9.999952432829897209e-01 -1.378782952922043140e-04 -5.634093958248345579e+00 -6.675168454654267780e-03 1.173075925711409531e-04 9.999777139298683393e-01 2.981683644053463240e+02
9.999746817717047875e-01 3.760321693562629700e-03 6.041175143322290858e-03 -9.919111165520013706e-01 -3.765393589100510686e-03 9.999925677622374387e-01 8.283950169803147232e-04 -5.659125490130897163e+00 -6.038015316270728232e-03 -8.511214505164098072e-04 9.999814088050065219e-01 2.997315635254031463e+02
9.999668312771751166e-01 4.407050469380636819e-03 6.849397939438598218e-03 -9.984394550178852246e-01 -4.413431278683266346e-03 9.999898405529447087e-01 9.167460735523108020e-04 -5.686674811250334471e+00 -6.845288325236361000e-03 -9.469450188245168501e-04 9.999761223720644576e-01 3.013233037045389437e+02
9.999600943772010142e-01 4.809788826797722038e-03 7.528318874472944566e-03 -1.010276672050131053e+00 -4.818018684818616178e-03 9.999878150061758397e-01 1.075427350792033986e-03 -5.715912617514268490e+00 -7.523054693229766499e-03 -1.111656022828046240e-03 9.999710835117258112e-01 3.029133122835038989e+02
9.999615564130613921e-01 4.007223516172240228e-03 7.799221628220841945e-03 -1.008276787948404252e+00 -4.014654447048984949e-03 9.999915019282519246e-01 9.373517477379525063e-04 -5.742392950007888075e+00 -7.795399306406911727e-03 -9.686268968689071496e-04 9.999691462749700221e-01 3.044907394745197848e+02
9.999641144400541748e-01 2.371491186081355496e-03 8.133010974421272382e-03 -9.992789630894786113e-01 -2.372769988679900369e-03 9.999971740883690785e-01 1.475881485210894805e-04 -5.774005961590439995e+00 -8.132638128166764721e-03 -1.668806122665389294e-04 9.999669156215595933e-01 3.061194482774113226e+02
9.999610537484913131e-01 -1.410473967682838738e-05 8.825576374032114216e-03 -9.898484562727268843e-01 2.920011686037026258e-05 9.999985370331442303e-01 -1.710286292858271152e-03 -5.801503430955198937e+00 -8.825539493757453627e-03 1.710477415379891251e-03 9.999595912377190476e-01 3.076962569680617321e+02
9.999638480666157569e-01 4.384286127543819407e-05 8.502978784910800863e-03 -9.754759642065040648e-01 -1.909251074813552292e-05 9.999957632981811839e-01 -2.910845535920676339e-03 -5.835127681946363332e+00 -8.503070530050020961e-03 2.910577994603632222e-03 9.999596123424793204e-01 3.092887711239796431e+02
9.999802017654169095e-01 7.640941051550130536e-04 6.245978231677821145e-03 -9.675954747262014433e-01 -7.430925527817508133e-04 9.999940654978540788e-01 -3.364042882964764052e-03 -5.876973960563701027e+00 -6.248511721625524956e-03 3.359334977067431147e-03 9.999748351639223820e-01 3.108945039318562067e+02
9.999881121233863412e-01 1.810991532516354439e-03 4.527242449667090787e-03 -9.751247279237669208e-01 -1.796832819134501925e-03 9.999934885885400915e-01 -3.129564868989175366e-03 -5.901035639034383884e+00 -4.532880667972715751e-03 3.121392998905608580e-03 9.999848548313348129e-01 3.125186770429106105e+02
9.999869586066597593e-01 2.789240860705597628e-03 4.278171629021053010e-03 -9.918338048600212620e-01 -2.786757521664187057e-03 9.999959450976673159e-01 -5.863242114620446444e-04 -5.932660970529251010e+00 -4.279789755827389380e-03 5.743943452922537635e-04 9.999906766890258591e-01 3.141598952905992519e+02
9.999884738355416802e-01 1.350889248303247621e-03 4.607309181014191020e-03 -9.913136850516117704e-01 -1.361974861301025030e-03 9.999961833731229044e-01 2.403802328917370359e-03 -5.961861420667338152e+00 -4.604044403546400134e-03 -2.410049680416971075e-03 9.999864971238912048e-01 3.157832417035804156e+02
9.999866393250759211e-01 8.290531140969982938e-04 5.102337449463769346e-03 -9.954569719287290619e-01 -8.458452487794656865e-04 9.999942309023343023e-01 3.289788540214187273e-03 -5.993890267270072236e+00 -5.099580689490271559e-03 -3.294060400445514118e-03 9.999815715486564116e-01 3.174042449066089944e+02
9.999888069476208230e-01 -1.025615911644787206e-04 4.730271349393851826e-03 -9.787702627887008289e-01 9.086038198896479964e-05 9.999969359357642196e-01 2.473835631047731614e-03 -6.030580009981792777e+00 -4.730510655669685482e-03 -2.473378165296336549e-03 9.999857522303444712e-01 3.190267276525195825e+02
9.999847152870289246e-01 -3.228742913759090902e-04 5.519506529794672087e-03 -9.760698490730503885e-01 3.116289464806191317e-04 9.999978744712423318e-01 2.038121526094670375e-03 -6.043091479834922453e+00 -5.520152948633763081e-03 -2.036370349367150681e-03 9.999826904004117667e-01 3.206616335470267245e+02
9.999845813421797125e-01 -1.180524922827013660e-03 5.426181723529646325e-03 -9.729948553287953716e-01 1.167117431473979876e-03 9.999962600725745832e-01 2.473393426819126863e-03 -6.080035200001269402e+00 -5.429081424188469604e-03 -2.467022315956515430e-03 9.999822192765324136e-01 3.222710349562403280e+02
9.999833071182601119e-01 -1.095696484931500941e-03 5.673177546042508686e-03 -9.766867401218967126e-01 1.079587702932065978e-03 9.999953794624244496e-01 2.841749731603665421e-03 -6.112694730239908836e+00 -5.676265123653736339e-03 -2.835577621934371340e-03 9.999798695508944624e-01 3.238959718611116614e+02
9.999781907592322217e-01 -1.488331585737688513e-04 6.602716363438388553e-03 -9.847201455446669138e-01 1.364212198939966072e-04 9.999982230529591565e-01 1.880233893626044291e-03 -6.140815244423713182e+00 -6.602984584488518459e-03 -1.879292147587390731e-03 9.999764341460695150e-01 3.255311447266824416e+02
9.999763710277884687e-01 4.950744136672793286e-04 6.856551269790289727e-03 -9.721674642968278768e-01 -5.054000524679278222e-04 9.999987408242988485e-01 1.504300901661213006e-03 -6.169276136066485172e+00 -6.855798012667081547e-03 -1.507730665807573882e-03 9.999753620831638434e-01 3.271605865033339455e+02
9.999692683064174137e-01 -2.183057500649607078e-04 7.836759258324466418e-03 -9.724145999686383268e-01 1.992914287902021703e-04 9.999970349763773747e-01 2.426998238092174971e-03 -6.190398573290492479e+00 -7.837265983257532195e-03 -2.425361868259326859e-03 9.999663468698849478e-01 3.287934165412837046e+02
9.999692327093993027e-01 -1.586503528270935418e-03 7.682229742321960465e-03 -9.565252103701806785e-01 1.557478940070680965e-03 9.999916328422192580e-01 3.782657944076117662e-03 -6.229741370488230956e+00 -7.688166793539646937e-03 -3.770576677327499519e-03 9.999633367448893528e-01 3.303997694855513600e+02
9.999655268069340686e-01 -2.307737284941172896e-03 7.976187101891961048e-03 -9.630336762482658575e-01 2.282497652509523495e-03 9.999923641791083062e-01 3.172031370093370949e-03 -6.263375894897336593e+00 -7.983446547293875095e-03 -3.153716411682428583e-03 9.999631586436685815e-01 3.320236783251323232e+02
9.999677082652119742e-01 -1.549241865546547442e-03 7.885574760826574714e-03 -9.486066321558962455e-01 1.525651226865073866e-03 9.999943458974445143e-01 2.996757909014152212e-03 -6.296617343754522977e+00 -7.890173011489672386e-03 -2.984630520733848238e-03 9.999644179375423159e-01 3.336502720209427935e+02
9.999723082362715898e-01 3.028662644537688303e-04 7.435794616023066669e-03 -9.488687972361530276e-01 -3.117072206184888527e-04 9.999992459346869200e-01 1.187842152992309077e-03 -6.307496613302371991e+00 -7.435429379308549323e-03 -1.190127054689268764e-03 9.999716485872497396e-01 3.352557530693002263e+02
9.999704540093989902e-01 2.169347366850886763e-03 7.374621725673284091e-03 -9.548972274105449465e-01 -2.156236118525373287e-03 9.999960815330277697e-01 -1.785376366738030763e-03 -6.361627197933939826e+00 -7.378466059602594752e-03 1.769422211867846713e-03 9.999712132726149560e-01 3.368774702599803277e+02
9.999749959708871261e-01 3.225288564859558199e-03 6.293246284104711714e-03 -9.498316396791169902e-01 -3.217832730292917182e-03 9.999941093394985048e-01 -1.194506218183039471e-03 -6.394737631377262588e+00 -6.297061950428475136e-03 1.174225751197176173e-03 9.999794838876950864e-01 3.384693698982711680e+02
9.999800094506847703e-01 3.294881730673016821e-03 5.396707725485961823e-03 -9.448023196748834840e-01 -3.304874554354886827e-03 9.999928391225616497e-01 1.843776980891824457e-03 -6.423682998026428059e+00 -5.390594145193955238e-03 -1.861575579250601990e-03 9.999837378800030541e-01 3.400855900544326005e+02
9.999777624413003219e-01 4.593051419166949319e-03 4.835131772896498863e-03 -9.641720781337385082e-01 -4.613478410887144471e-03 9.999804448559972414e-01 4.222052840076399513e-03 -6.448039565192670075e+00 -4.815645195349266619e-03 -4.244265765753756081e-03 9.999793976698332365e-01 3.416977057552892347e+02
9.999802388914897922e-01 5.447103070837480861e-03 3.138612522680549709e-03 -9.578422715987792158e-01 -5.458452764091665729e-03 9.999785538795881168e-01 3.618989326152527268e-03 -6.481127118026836165e+00 -3.118832254953226267e-03 -3.636049813469596510e-03 9.999885259460599141e-01 3.433121495358379889e+02
9.999842696015068810e-01 5.261597179375821290e-03 1.943228592533070972e-03 -9.632444621420969133e-01 -5.266071872280993736e-03 9.999834780689740299e-01 2.304796201973666973e-03 -6.512936517515133694e+00 -1.931069609289542315e-03 -2.314993151228964246e-03 9.999954558770528523e-01 3.449053386952592746e+02
9.999918735387307578e-01 4.028486512438545115e-03 -1.553869792811834669e-04 -9.617999219759111318e-01 -4.027951024663950670e-03 9.999864259044850545e-01 3.305090632266655809e-03 -6.533931043866866517e+00 1.686993886344328954e-04 -3.304437915788946325e-03 9.999945261008238440e-01 3.465103109793054728e+02
9.999951600971829224e-01 2.949865916972520784e-03 -9.889723691590766429e-04 -9.725444782341361449e-01 -2.946077070705814538e-03 9.999883986592152940e-01 3.810929209867891521e-03 -6.568054723452000587e+00 1.000202646471491739e-03 -3.807997214515870376e-03 9.999922493470856377e-01 3.481145930860105295e+02
9.999967378510612459e-01 2.383392936769292147e-03 -9.185420971734034948e-04 -9.824333357127227329e-01 -2.380510333785662482e-03 9.999922785103527723e-01 3.126674578011409862e-03 -6.594668851603941562e+00 9.259871174372877279e-04 -3.124477810625644371e-03 9.999946900800709138e-01 3.496902733602044577e+02
9.999962242708324567e-01 2.192335768668213399e-03 -1.656834779640255391e-03 -1.000868932419007873e+00 -2.187861652082597266e-03 9.999939685917729193e-01 2.697414486537522485e-03 -6.631105029472499801e+00 1.662738455906591101e-03 -2.693779404388430172e-03 9.999949894156332508e-01 3.512850655284775598e+02
9.999970391480779153e-01 1.905375414304859901e-03 -1.513682228257646860e-03 -1.005840241118726386e+00 -1.902041171236959873e-03 9.999957686042783012e-01 2.201139695031966836e-03 -6.647669511722519076e+00 1.517869848842649848e-03 -2.198254114810821187e-03 9.999964318699607890e-01 3.528798263182774804e+02
9.999978355146326159e-01 1.175336710719995358e-03 -1.716841582239904710e-03 -1.014797323253251893e+00 -1.171569365664502926e-03 9.999969075250817463e-01 2.193710820553751873e-03 -6.682857157244899149e+00 1.719414653485355510e-03 -2.191694695854641377e-03 9.999961200377667225e-01 3.544806082975553068e+02
9.999979330027697344e-01 6.392492486990369958e-04 -1.930115702507615274e-03 -1.040395057679329716e+00 -6.365110244468598789e-04 9.999987906926461889e-01 1.418967167983594410e-03 -6.719307981399685659e+00 1.931020476780223464e-03 -1.417735710324632059e-03 9.999971305901194096e-01 3.560813397641595088e+02
9.999985015860797244e-01 5.237100619603972471e-04 -1.650015160805356779e-03 -1.040320940595626631e+00 -5.217123938281230215e-04 9.999991307727026379e-01 1.210896657844880934e-03 -6.752246905788100939e+00 1.650647914975927801e-03 -1.210034023077004089e-03 9.999979055886871748e-01 3.576711397174032641e+02
9.999982251286031465e-01 -1.314688807078619607e-05 -1.884028694074602744e-03 -1.055510532516764632e+00 1.556337675225137173e-05 9.999991773365169978e-01 1.282608185162601149e-03 -6.775698547756138446e+00 1.884010315656019750e-03 -1.282635244068490313e-03 9.999974026741059729e-01 3.592513499518522622e+02
9.999992099705805604e-01 8.558385974207504169e-05 -1.254085990246582051e-03 -1.060948303555328875e+00 -8.481435419086499666e-05 9.999998081267565953e-01 6.136391443304623199e-04 -6.796362738154040350e+00 1.254138289501400411e-03 -6.135323019033183918e-04 9.999990253581190203e-01 3.608335215792220652e+02
9.999987327007480165e-01 -6.689127030188730645e-04 -1.444697844901733858e-03 -1.074832030233189517e+00 6.684322174995930427e-04 9.999997211386076890e-01 -3.330464124609706878e-04 -6.851270718981258057e+00 1.444920245789131164e-03 3.320803099923434862e-04 9.999989009644691951e-01 3.624192026337203174e+02
9.999957391951007635e-01 -2.502617616852536881e-03 -1.502830375463666372e-03 -1.081105637347491211e+00 2.503461038097517990e-03 9.999967097635659163e-01 5.595892895045626687e-04 -6.863170295385621955e+00 1.501425019566052363e-03 -5.633491873053898293e-04 9.999987141806103708e-01 3.640070377879075636e+02
9.999878285089481844e-01 -4.752397767425030860e-03 -1.325728530194152663e-03 -1.103066930943765955e+00 4.754403228806780742e-03 9.999875521503563958e-01 1.513666189291363283e-03 -6.911012459080636994e+00 1.318518508649819390e-03 -1.519950825574977035e-03 9.999979756282794119e-01 3.655978365742470828e+02
9.999854474110968505e-01 -5.121025636146666130e-03 -1.697076689658116259e-03 -1.110369053779985071e+00 5.122297133219859237e-03 9.999866029034738535e-01 7.457051877348819377e-04 -6.945122723318884361e+00 1.693235208938642178e-03 -7.543872717616648474e-04 9.999982819270069045e-01 3.671921397492728261e+02
9.999929195194325882e-01 -3.657477311956677628e-03 -8.853113103638665052e-04 -1.112349456729717856e+00 3.657838259589663629e-03 9.999932275037686225e-01 4.063977334902324381e-04 -6.976546136581039725e+00 8.838189401782270199e-04 -4.096331835968235755e-04 9.999995255329269250e-01 3.687873054225926808e+02
9.999967595199495962e-01 -2.353337361584344981e-03 -9.709561225334805735e-04 -1.126193478789926372e+00 2.354227788218560269e-03 9.999968084275768776e-01 9.169196650939955917e-04 -6.992338854847503171e+00 9.687952202256852868e-04 -9.192025534112863465e-04 9.999991082516357377e-01 3.703986035325592638e+02
9.999994482244607408e-01 -1.043900547089578234e-03 -1.175762715465274112e-04 -1.135303080499606265e+00 1.044084802943970455e-03 9.999982098513869877e-01 1.578029996498874626e-03 -7.032015364293436654e+00 1.159287582676787139e-04 -1.578151899257545241e-03 9.999987479980283478e-01 3.720080781223924760e+02
9.999997865692329402e-01 -6.018560896477211097e-04 -2.542272382268631939e-04 -1.153989996410384800e+00 6.022497253735281837e-04 9.999986156752828093e-01 1.551109708501206439e-03 -7.058531327757497920e+00 2.532933473537250769e-04 -1.551262499800088986e-03 9.999987647131585167e-01 3.735919535394677382e+02
9.999996129607844342e-01 -8.264124222475588595e-04 3.018654265633804405e-04 -1.158748428147722054e+00 8.260953602973560754e-04 9.999991085967525617e-01 1.048985416086007120e-03 -7.085266355384888470e+00 -3.027320562428503304e-04 -1.048735649237512134e-03 9.999994042531460403e-01 3.751837783024301984e+02
9.999992479562407333e-01 -7.319380122516911009e-04 9.840510223475843962e-04 -1.166423875094699802e+00 7.312257330392347337e-04 9.999994705692373254e-01 7.239949358745144349e-04 -7.112263983912861853e+00 -9.845804370767303679e-04 -7.232748331909804977e-04 9.999992537365559597e-01 3.768083892018192387e+02
9.999997986356891078e-01 9.881338615620034965e-05 6.268693536770924462e-04 -1.173122947146435724e+00 -9.927673239599934651e-05 9.999997218972701551e-01 7.391546088533598778e-04 -7.145567525067481718e+00 -6.267961511528226740e-04 -7.392166998384415433e-04 9.999995303421607140e-01 3.783992144900512926e+02
9.999989912312667872e-01 8.650366688905414964e-04 1.126609055305985473e-03 -1.188657404695711239e+00 -8.659523111264757307e-04 9.999992949841193246e-01 8.125018705614808464e-04 -7.167792298509827020e+00 -1.125905435950505691e-03 -8.134766476922467753e-04 9.999990352951892980e-01 3.800242695827772081e+02
9.999971228934940726e-01 1.915239736882348980e-03 1.444319875311163509e-03 -1.200430342846380727e+00 -1.917025396877061966e-03 9.999973987149646248e-01 1.235953167271330606e-03 -7.201107604252727334e+00 -1.441948995626657912e-03 -1.238718420580059909e-03 9.999981931773931354e-01 3.816145308441920179e+02
9.999927610569090408e-01 3.349607422583677357e-03 1.804982017037210949e-03 -1.208148527901775404e+00 -3.350944687801072838e-03 9.999941129936118500e-01 7.383454117629591846e-04 -7.235241934759672588e+00 -1.802498254695051108e-03 -7.443884693501780963e-04 9.999980984399584605e-01 3.832417876805546371e+02
9.999894157539849227e-01 3.990401429557063721e-03 2.290212227024432477e-03 -1.218096628783653435e+00 -3.991145537822919642e-03 9.999919840171859198e-01 3.204155311177344831e-04 -7.267674802301758774e+00 -2.288915321870973324e-03 -3.295527137849326815e-04 9.999973261257271151e-01 3.848451246163538144e+02
9.999846298339010175e-01 5.040648994984938194e-03 2.309100967723097531e-03 -1.228310826994786220e+00 -5.041629713954560998e-03 9.999872030948057100e-01 4.190774372552376185e-04 -7.301897286435471202e+00 -2.306959036181872955e-03 -4.307126333812216355e-04 9.999972462079962376e-01 3.864595310100806387e+02
9.999795079609239412e-01 5.757982051626844323e-03 2.798087523279112199e-03 -1.241424596554187687e+00 -5.760622332192892950e-03 9.999829690121189163e-01 9.364436823452425025e-04 -7.329409407650490316e+00 -2.792647891236991857e-03 -9.525432283937297412e-04 9.999956468783106622e-01 3.880952225361762657e+02
9.999732554977566190e-01 6.651735604103484883e-03 3.040179946687625052e-03 -1.260064596003902304e+00 -6.656109782118575097e-03 9.999768240652382456e-01 1.430925333887770505e-03 -7.357471477647588465e+00 -3.030591402502564712e-03 -1.451122851189715285e-03 9.999943548612871824e-01 3.897111200004031275e+02
9.999632807736288376e-01 7.886894119367483108e-03 3.351715232195910839e-03 -1.262444431059348116e+00 -7.890826668574966313e-03 9.999681921838127208e-01 1.161675497466775056e-03 -7.388585639598781896e+00 -3.342446667388071675e-03 -1.188080658948103977e-03 9.999937082353961282e-01 3.913423616608428688e+02
9.999598934783167081e-01 7.958197490652404310e-03 4.108347327422853627e-03 -1.257459582919032481e+00 -7.964268633702070027e-03 9.999672137618221823e-01 1.463503145568926384e-03 -7.420998615549218691e+00 -4.096565853472057712e-03 -1.496164446855249115e-03 9.999904897722869945e-01 3.929616158864847080e+02
