9.999999999999997780e-01 -1.179437378800895267e-19 4.513296021473010816e-20 0.000000000000000000e+00 2.410750703817041256e-18 1.000000000000000000e+00 3.393380551570677611e-19 0.000000000000000000e+00 1.704598014230834765e-20 -9.899396815885539085e-19 1.000000000000000000e+00 5.551115123125782702e-17
9.999998898855023688e-01 -4.576248627647527692e-04 -1.131024683874461541e-04 -5.800859034493955659e-03 4.577366071419803912e-04 9.999994060544992180e-01 9.892693566925375714e-04 -2.312070821077478674e-02 1.126497178430568185e-04 -9.893206153995534949e-04 9.999995051879829733e-01 1.321222456737301210e+00
9.999981230288239598e-01 -1.939506291388961049e-03 1.970451005040492983e-05 -9.886820688085199219e-03 1.939476303691880545e-03 9.999972116347780604e-01 1.349539339166209518e-03 -4.580227639097891879e-02 -2.232428902010237775e-05 -1.349500895767702206e-03 9.999990916748254799e-01 2.628337062162755977e+00
9.999954226057264917e-01 -2.951458634316041652e-03 -6.726765086847229062e-04 -1.162623560721643030e-02 2.951786753449862910e-03 9.999955282076293805e-01 4.883484523190080888e-04 -8.064659455657446907e-02 6.712299375978827629e-04 -4.903343198806830701e-04 9.999996582315486826e-01 3.950320635626797472e+00
9.999949126252990483e-01 -3.190882731074975217e-03 5.840932829099145364e-05 -1.517401114294570155e-02 3.190854909059226245e-03 9.999948045897775195e-01 4.662345538732788879e-04 -1.034350572858697692e-01 -5.989884828919185550e-05 -4.660483083098670510e-04 9.999998942006727010e-01 5.266691179037029436e+00
9.999935375480544231e-01 -3.574529728640186282e-03 -4.022123142674516251e-04 -2.398342611559851206e-02 3.574906441627186734e-03 9.999931685099754386e-01 9.459076807463757822e-04 -1.230279626613489802e-01 3.988244367200704686e-04 -9.473437434282018250e-04 9.999994785036375733e-01 6.587861479430669576e+00
9.999877511096555427e-01 -4.929731097204977271e-03 -4.589400583706790249e-04 -2.993335280463572251e-02 4.930757246294962745e-03 9.999852784409146711e-01 2.268177272856276763e-03 -1.524218221916185945e-01 4.477489544582975906e-04 -2.270416601640148652e-03 9.999973297704916053e-01 7.919798672262675865e+00
9.999880652514396839e-01 -4.886691147402377061e-03 -1.012557593793389027e-04 -3.234541783470430004e-02 4.886899304212633487e-03 9.999856282086665438e-01 2.209443814624062388e-03 -1.760104694735419861e-01 9.045713305511167890e-05 -2.209914605521361673e-03 9.999975625519574862e-01 9.247215954496249779e+00
9.999924151386763160e-01 -3.800081259595283062e-03 -8.693906627667043066e-04 -4.156041229207563248e-02 3.800803000304247680e-03 9.999924444299097548e-01 8.319989302588007892e-04 -2.034416691575205438e-01 8.662254093195998969e-04 -8.353019586217820969e-04 9.999992863918762964e-01 1.057895297273706525e+01
9.999991696362979798e-01 -1.196126664258292298e-03 -5.094096794737140027e-04 -5.233727317723650685e-02 1.195423925028623073e-03 9.999983558323852773e-01 -1.374649957592781468e-03 -2.270715744764248423e-01 5.110572297952694926e-04 1.374034985437840809e-03 9.999989360894381285e-01 1.190513975890714526e+01
9.999982042297113072e-01 1.705920610216745282e-03 -8.444334206608672616e-04 -6.194327123261313128e-02 -1.707931947660804202e-03 9.999957122743297067e-01 -2.385689340863897303e-03 -2.565178554824464330e-01 8.403652432158659940e-04 2.387122046798259914e-03 9.999968087306625453e-01 1.324374919265651229e+01
9.999926379470164273e-01 3.787574287245394720e-03 -6.464248507171453184e-04 -7.759588208325698955e-02 -3.789197141256716184e-03 9.999896436122585053e-01 -2.528961483644981412e-03 -2.818901286849511134e-01 6.368417639267825872e-04 2.531390011150921448e-03 9.999966056868651032e-01 1.458183440388561181e+01
9.999890875879814400e-01 4.675755907880168802e-03 -6.392877084972308475e-05 -8.541801984571634199e-02 -4.675861420396585505e-03 9.999874764714236086e-01 -1.796526466486761007e-03 -3.084615287507644354e-01 5.553182952849265675e-05 1.796802419486481697e-03 9.999983978740425439e-01 1.592012772362696538e+01
9.999958435070563922e-01 2.891034587388034705e-03 -2.445259321585630197e-05 -8.390964694977967597e-02 -2.891022650448092559e-03 9.999957648447703740e-01 4.015725349290806827e-04 -3.400450700279391558e-01 2.561942407409288199e-05 -4.015038829775138536e-04 9.999999333441499383e-01 1.728322502842638642e+01
9.999989955607669900e-01 -1.271214930408783115e-03 6.673698168329756210e-04 -8.038570212092993605e-02 1.269613914705334861e-03 9.999963493295949135e-01 2.397089573229792443e-03 -3.663383913167521655e-01 -6.704057294109229403e-04 -2.396244944228489299e-03 9.999969193431228476e-01 1.862671284629617219e+01
9.999949016851793493e-01 -3.201104702850902668e-03 -5.479945441145201080e-05 -8.758333256043202009e-02 3.201136131434848073e-03 9.999947616203189726e-01 5.356965299044467131e-04 -3.991686704188522339e-01 5.309266875329249526e-05 -5.358740049602996264e-04 9.999998707107228268e-01 1.998382043295591259e+01
9.999930266638009657e-01 -3.732978982295364484e-03 2.557962492419047049e-04 -9.087463699208465917e-02 3.733485131192419704e-03 9.999910655382467928e-01 -1.997472634737003112e-03 -4.220794738764940823e-01 -2.483281099021746258e-04 1.998408719976449248e-03 9.999979890433695617e-01 2.132831556684468666e+01
9.999988403853263819e-01 -1.514548830668886433e-03 2.910514155792853557e-04 -1.016066283892776562e-01 1.515426373051972182e-03 9.999942982316466500e-01 -3.028628859203726185e-03 -4.645789119218908247e-01 -2.864519917767124717e-04 3.029060737329351740e-03 9.999953883213849037e-01 2.268885867349485963e+01
9.999988535378248056e-01 1.087157777210580453e-03 1.083634299046403512e-03 -1.091255427028242631e-01 -1.085038710700567816e-03 9.999975428978425951e-01 -1.951099812572900435e-03 -4.761162910461381181e-01 -1.085743089890230583e-03 1.949916645617452834e-03 9.999975267134599832e-01 2.404640843780710213e+01
9.999973390603950074e-01 5.629200589949024530e-04 2.251459479843960932e-03 -1.132751126035066308e-01 -5.678587469404586729e-04 9.999974651702242534e-01 2.195310159973190307e-03 -4.954000040462420706e-01 -2.250207157313610217e-03 -2.196588049317370252e-03 9.999950740644646396e-01 2.541212668648703499e+01
9.999970527855048807e-01 -1.134552430976455304e-03 2.163358155801954012e-03 -1.068050373667384922e-01 1.128052010176238372e-03 9.999948878402249441e-01 3.005382888383300102e-03 -5.203098208926727475e-01 -2.166745645908646749e-03 -3.002936722133643134e-03 9.999931623439747286e-01 2.679027747720800789e+01
9.999879841317728113e-01 -4.291091479604826689e-03 2.386685151832306211e-03 -1.045619410914975372e-01 4.285563372971232070e-03 9.999881735030969887e-01 2.317934440224780467e-03 -5.608879040601413291e-01 -2.396593379728265572e-03 -2.307681925840711183e-03 9.999944842163925873e-01 2.815000289847184689e+01
9.999878229237852967e-01 -4.525986965075856107e-03 1.987710056470480373e-03 -1.121505395369279678e-01 4.527363566797189438e-03 9.999895626757274725e-01 -6.862554545239063410e-04 -5.731428477787822162e-01 -1.984569810915253613e-03 6.952411613165321606e-04 9.999978102432601768e-01 2.951977488269434602e+01
9.999859873411283129e-01 -4.545355255005803854e-03 2.729311217361336719e-03 -1.120727944643472168e-01 4.552347286822708804e-03 9.999864146382568819e-01 -2.559483760653228756e-03 -6.184605907510573042e-01 -2.717622139310542969e-03 2.571867497748718794e-03 9.999930253273987546e-01 3.090752829525009560e+01
9.999931889601597623e-01 -2.269376018269693082e-03 2.927007829497184181e-03 -1.240662728208741239e-01 2.281196313869799167e-03 9.999892962143679398e-01 -4.039733459803944264e-03 -6.323323978800664547e-01 -2.917788252442905274e-03 4.046377133032390098e-03 9.999875821820910504e-01 3.229100486984017948e+01
9.999940003688968515e-01 -6.490489828725465316e-04 3.417216875403912384e-03 -1.265510663261490421e-01 6.683105058671399284e-04 9.999839485701822461e-01 -5.637029455774471114e-03 -6.730443855448381418e-01 -3.413481479102415620e-03 5.639273014537470388e-03 9.999782989067917960e-01 3.367737537734299735e+01
9.999930422469471836e-01 1.842048221427367428e-04 3.739349838544646365e-03 -1.224884234698013219e-01 -1.632804914216818529e-04 9.999844023005861615e-01 -5.594040498833841198e-03 -7.015995398814590667e-01 -3.740302241838395700e-03 5.593384218740027683e-03 9.999773891758056976e-01 3.506765290507220811e+01
9.999942679504074672e-01 -6.754545357818713715e-04 3.333369305468183389e-03 -1.239420536958024260e-01 6.893232294571321550e-04 9.999911737589212146e-01 -4.159905777547477125e-03 -7.437906571148277246e-01 -3.330509330238829065e-03 4.162173491014139852e-03 9.999858195717054032e-01 3.646198309111567681e+01
9.999940733216973188e-01 7.730594030025543821e-04 3.370911391467674122e-03 -1.264435406137166540e-01 -7.634306445480398872e-04 9.999957000313174360e-01 -2.855399921406653451e-03 -7.736853063773375672e-01 -3.373087818069824863e-03 2.852803773673040673e-03 9.999902719497637538e-01 3.785554990587010593e+01
9.999904710097722305e-01 3.187000585513176734e-03 3.001780098822444919e-03 -1.374316521492261189e-01 -3.179030887988688447e-03 9.999914931381260752e-01 -2.654416922104523534e-03 -8.038736013195777463e-01 -3.010197857515615853e-03 2.644842656744759817e-03 9.999920018992642934e-01 3.925160799865457051e+01
9.999791462844359602e-01 5.603525014384163824e-03 3.228647608186085115e-03 -1.423734580954691686e-01 -5.594228709133175492e-03 9.999802788450715685e-01 -2.879607090204679837e-03 -8.362224177571606631e-01 -3.244702197560266239e-03 2.861478632816500355e-03 9.999906722029145989e-01 4.065003042343780493e+01
9.999634036275037996e-01 7.895363892954894783e-03 3.312808120563262050e-03 -1.503939436765576454e-01 -7.886432089374832699e-03 9.999653338056803120e-01 -2.698977965583457782e-03 -8.680393579337527532e-01 -3.333984209912413312e-03 2.672746126471875223e-03 9.999909009047183162e-01 4.207034424010543461e+01
9.999561003723484998e-01 8.931716531870163497e-03 2.854924102632050865e-03 -1.553950623905085149e-01 -8.924420480589343244e-03 9.999569868370171699e-01 -2.556224462158035102e-03 -8.972507036482493259e-01 -2.877614671473727875e-03 2.530630864399396971e-03 9.999926894752949602e-01 4.346751320503553728e+01
9.999613391382237149e-01 8.342146274063865288e-03 2.804061895419082250e-03 -1.556944573338938931e-01 -8.334553054933595620e-03 9.999616834716793523e-01 -2.706791650749575378e-03 -9.357294757614690317e-01 -2.826516984778364161e-03 2.683314745798418693e-03 9.999924373493334073e-01 4.489835519402060982e+01
9.999698293708779717e-01 7.513992991746419083e-03 2.006417250909745594e-03 -1.591690385447631639e-01 -7.507456009664928605e-03 9.999666454094224832e-01 -3.243053726869996999e-03 -9.694181758144284622e-01 -2.030702210127100730e-03 3.227892726047573626e-03 9.999927607978669197e-01 4.629174168571637438e+01
9.999743464301068530e-01 7.080201214324949657e-03 1.152200453225521492e-03 -1.631360204479620768e-01 -7.076633159207449016e-03 9.999703433996791624e-01 -3.067389900579903846e-03 -1.003719885149514601e+00 -1.173866959581804179e-03 3.059159498870058207e-03 9.999946648492993306e-01 4.771335674968511142e+01
9.999736111364234681e-01 7.275354987247881038e-03 1.208149560035001815e-05 -1.674098091440701097e-01 -7.275303057738831403e-03 9.999709419209988903e-01 -2.315848582371747739e-03 -1.032361846932603244e+00 -2.891201884829856650e-05 2.315703440144240184e-03 9.999973524191089203e-01 4.911817608234139954e+01
9.999670092609671546e-01 8.056539741826618944e-03 -1.112301792184769390e-03 -1.783022927353716536e-01 -8.059044448997665019e-03 9.999650400980468756e-01 -2.270643304640000432e-03 -1.067493965729851224e+00 1.093987777171808069e-03 2.279531623238821667e-03 9.999968392936989803e-01 5.053711593492694476e+01
9.999620869385654753e-01 8.485873118027745243e-03 -1.996277512203036356e-03 -1.886776310676424873e-01 -8.490399931764921332e-03 9.999614667850319494e-01 -2.273403712221145137e-03 -1.101368394032384179e+00 1.976928807460603781e-03 2.290263374393441010e-03 9.999954604301548589e-01 5.197055232629045207e+01
9.999596277064218830e-01 8.387494172058902395e-03 -3.251636702339848195e-03 -1.981792460016736090e-01 -8.391787280281202271e-03 9.999640307475502476e-01 -1.310254457162531852e-03 -1.131227131509538797e+00 3.240554447441627677e-03 1.337488828133660563e-03 9.999938943224115917e-01 5.338373455641536935e+01
9.999688474572232533e-01 6.952081872857739792e-03 -3.762451586757393530e-03 -2.128265154514897284e-01 -6.953922499035257963e-03 9.999758095842117278e-01 -4.774988898689727537e-04 -1.160553262397013619e+00 3.759065892204328015e-03 5.036478857828710675e-04 9.999928473781674043e-01 5.483013998408225120e+01
9.999758368333088177e-01 5.389467569054210219e-03 -4.412741570406960787e-03 -2.211226238345503914e-01 -5.391214073659039881e-03 9.999855003691036082e-01 -3.849558924019756971e-04 -1.191645966759685926e+00 4.410628320167322980e-03 4.087356622795968548e-04 9.999902292385939306e-01 5.623817038313809036e+01
9.999815324517559167e-01 3.584330364820337289e-03 -4.927697202373998615e-03 -2.311352859303935914e-01 -3.589326609079499398e-03 9.999931602815359533e-01 -1.006254201343379515e-03 -1.227036214757444732e+00 4.924081463338192757e-03 1.023921285710278689e-03 9.999873921836260893e-01 5.766200586193392752e+01
9.999855412339736516e-01 2.263717885391747491e-03 -4.898462186942909198e-03 -2.421177251320770218e-01 -2.267675755858692722e-03 9.999972164349064663e-01 -8.034966994431177968e-04 -1.256263534558353268e+00 4.896655067972844125e-03 8.145885196861642067e-04 9.999877208532854667e-01 5.911437820547268274e+01
9.999892726226945472e-01 1.193754745921546531e-03 -4.498310298429934566e-03 -2.513340172399854966e-01 -1.194859995202727674e-03 9.999993669286996179e-01 -2.441702394111865018e-04 -1.287442739618384735e+00 4.498041600698953618e-03 2.495373845137397839e-04 9.999898955816471924e-01 6.051351013995756745e+01
9.999924689727410776e-01 -3.721388833758468577e-04 -3.890068178418053333e-03 -2.647103084238386361e-01 3.734511784579947597e-04 9.999999856413582799e-01 3.352416261669641023e-04 -1.317772855734119952e+00 3.889969555274440643e-03 -3.366984949893578999e-04 9.999924213949765717e-01 6.196128667655567313e+01
9.999912223250968513e-01 -2.233910537338738584e-03 -3.574542087671848077e-03 -2.681288380313012198e-01 2.233643848543471165e-03 9.999976160228094546e-01 -7.952510683351521456e-05 -1.350825227342159041e+00 3.574735576625068766e-03 7.153202303569352976e-05 9.999936543841930758e-01 6.336183807207300589e+01
9.999908361866738371e-01 -2.855505357626607083e-03 -3.224232859114026933e-03 -2.759312350958741389e-01 2.852148605764530213e-03 9.999955050143256585e-01 -1.045961542375439682e-03 -1.384793866974778354e+00 3.227233858097707832e-03 1.036749493311252962e-03 9.999943026207560592e-01 6.477427445822969787e+01
9.999926387410154049e-01 -3.006950094017255774e-03 -2.430078308654168209e-03 -2.869169112056185744e-01 3.003831518481903454e-03 9.999947810044171881e-01 -1.286862939105952886e-03 -1.419437063258902842e+00 2.433964587159537403e-03 1.279548300379338300e-03 9.999962671323370245e-01 6.620264510999722063e+01
9.999980772593068945e-01 -7.938324705160152133e-04 -1.858634819150733206e-03 -2.958747323420001241e-01 7.916684505938790866e-04 9.999991342438672159e-01 -1.166085236103475611e-03 -1.451655863857622242e+00 1.859588117380512554e-03 1.164609181478061788e-03 9.999976410769325641e-01 6.758847181293653250e+01
9.999977894522310562e-01 1.835840219151974387e-03 -1.137786365951483315e-03 -3.090029277377021044e-01 -1.835907789001077484e-03 9.999984427230798056e-01 -6.081585073095541476e-05 -1.482822071667690311e+00 1.137702087054258317e-03 6.290260013864929487e-05 9.999993992503587448e-01 6.903107603769521461e+01
9.999842015875560763e-01 5.631188923785755869e-03 -3.718350192250604474e-04 -3.236643159165639161e-01 -5.630762297953382546e-03 9.999836421771846062e-01 1.130102552231193082e-03 -1.516234687240149981e+00 3.782219699742702117e-04 -1.127990392141471794e-03 9.999993410604184341e-01 7.042950189274253603e+01
9.999609610324501352e-01 8.831424738995978171e-03 5.867542327838690987e-04 -3.384225766728763407e-01 -8.832455092992661655e-03 9.999595408813876096e-01 1.783552797131969687e-03 -1.545093766087786813e+00 -5.709499093221807701e-04 -1.788662727447213685e-03 9.999982863672691735e-01 7.185174700734469866e+01
9.999068561950154033e-01 1.362442508153666361e-02 9.631136949666402585e-04 -3.463645314243883333e-01 -1.362563891316470252e-02 9.999065053203742837e-01 1.269327313088541203e-03 -1.574996170937946305e+00 -9.456985211782788356e-04 -1.282328181654998232e-03 9.999987799257916699e-01 7.323598175029411550e+01
9.998560113718314435e-01 1.689746431307657254e-02 1.646190902816494156e-03 -3.580661991886412987e-01 -1.689848566993237475e-02 9.998571702624375890e-01 6.110083509174909361e-04 -1.607335994743020358e+00 -1.635598397756741649e-03 -6.387341406764054886e-04 9.999985080144709881e-01 7.463138667553774042e+01
9.998206595850872569e-01 1.878600634907846498e-02 2.454062043704662629e-03 -3.688187935347849722e-01 -1.878706267784400682e-02 9.998235752342456983e-01 4.097947353056216753e-04 -1.638046110334504091e+00 -2.445898877129260452e-03 -4.558220386373326325e-04 9.999969546696810818e-01 7.604469531089975476e+01
9.998308079423855466e-01 1.823047875691395994e-02 2.509769924790803200e-03 -3.752238592386316629e-01 -1.823197357169578300e-02 9.998337727144269715e-01 5.756393534508068939e-04 -1.671708357657040844e+00 -2.498826681969356419e-03 -6.212957268148887715e-04 9.999967347894449521e-01 7.743079194530342590e+01
9.998512399443535426e-01 1.705415617579452911e-02 2.637237965751369675e-03 -3.774014742123821264e-01 -1.705534832949714974e-02 9.998546121856023428e-01 4.317230066330188004e-04 -1.704874453898694187e+00 -2.629460364244933825e-03 -4.766337169684960900e-04 9.999964792853553996e-01 7.882892665197520898e+01
9.998614465198902845e-01 1.648341687425832619e-02 2.384921865130249473e-03 -3.790214589448259730e-01 -1.648184142850066952e-02 9.998640952879290777e-01 -6.770859542958027662e-04 -1.735300325987258141e+00 -2.395727272526865497e-03 6.376884147200980769e-04 9.999969769433001421e-01 8.020559773148799820e+01
9.998702344236952699e-01 1.597627675337017286e-02 2.140617213076459295e-03 -3.819738925599474588e-01 -1.597467281321127142e-02 9.998722684387719717e-01 -7.624830385667308611e-04 -1.770047249739023165e+00 -2.152494331876167628e-03 7.281932621323151207e-04 9.999974683418777488e-01 8.159295310572071003e+01
9.998794694934327598e-01 1.543462889975265317e-02 1.770782545464699709e-03 -3.852189740821714836e-01 -1.543366317564089790e-02 9.998809058448476783e-01 -5.556969674844285632e-04 -1.798345417130686519e+00 -1.779115957497592448e-03 5.283061916230934576e-04 9.999983281854331052e-01 8.298196374345636173e+01
9.998744014850939887e-01 1.578184408753986398e-02 1.560018323741627294e-03 -3.943882150232274619e-01 -1.577999820320663896e-02 9.998749525140517846e-01 -1.186111487636761592e-03 -1.839550366809354465e+00 -1.578508204123654128e-03 1.161350934799514501e-03 9.999981308037032557e-01 8.436264375692775275e+01
9.998671341250289224e-01 1.628886534501794436e-02 8.430692724509988292e-04 -4.006736233034906558e-01 -1.628810657356401931e-02 9.998671080522995025e-01 -8.970996403582592003e-04 -1.867966278893703702e+00 -8.575386624263752833e-04 8.832517030412442979e-04 9.999992953963749986e-01 8.574671579902361884e+01
9.998865162451950894e-01 1.507352532860311255e-02 -2.680754031656762426e-04 -4.074925285441897693e-01 -1.507361879610301381e-02 9.998864961660849371e-01 -3.555275650911754177e-04 -1.900330214772727455e+00 2.627178390725372933e-04 3.595320850952868547e-04 9.999999543732708274e-01 8.710371625927422201e+01
9.999074314359229776e-01 1.353928917969965742e-02 -1.465061704088063167e-03 -4.124749509580464824e-01 -1.353820478099550077e-02 9.999082491912126835e-01 7.467524996859416534e-04 -1.931145479747879312e+00 1.475069464526224854e-03 -7.268445418467739741e-04 9.999987015225554332e-01 8.846493424447622544e+01
9.999348402667376234e-01 1.111248766595767691e-02 -2.676128843210640474e-03 -4.186470489667212802e-01 -1.110946413109919866e-02 9.999378117450217207e-01 1.141680887807712931e-03 -1.962355978934247958e+00 2.688680510357645617e-03 -1.111871062927377455e-03 9.999958209928822006e-01 8.983790977399887367e+01
9.999530167318628759e-01 9.092149003699423471e-03 -3.412553912689022910e-03 -4.251765281480969771e-01 -9.088176091349787003e-03 9.999581911512650523e-01 1.177675877353468728e-03 -1.991098201665846501e+00 3.423147326884242846e-03 -1.146601628879556850e-03 9.999935375558101081e-01 9.119221585272649122e+01
9.999576962384275625e-01 8.386192256958703226e-03 -3.825064053766992142e-03 -4.372492427253990566e-01 -8.384832901097935901e-03 9.999649636284264620e-01 3.711658870058249246e-04 -2.027982709617784263e+00 3.828072851988735276e-03 -3.390720761711723381e-04 9.999926697515872931e-01 9.256647487690267440e+01
9.999619965899581020e-01 7.696179452659300708e-03 -4.139001793910358253e-03 -4.474700822709264947e-01 -7.696617509006548064e-03 9.999705642764683544e-01 -8.996296034061428571e-05 -2.061212392198745746e+00 4.138218636510438905e-03 1.218218875667057173e-04 9.999914847060313861e-01 9.391890500819437193e+01
9.999585112368467588e-01 8.048547274544862185e-03 -4.308077555935186341e-03 -4.606776078287788678e-01 -8.051801652388976965e-03 9.999675015191796801e-01 -7.386390173668999377e-04 -2.090359394742251631e+00 4.302024252382319683e-03 7.733024343401552220e-04 9.999905019099122327e-01 9.528193875675060553e+01
9.999560967855524174e-01 8.382284839062925305e-03 -4.232083292487269846e-03 -4.728610640830993028e-01 -8.388113312192402998e-03 9.999640859975547080e-01 -1.361384558142790004e-03 -2.125263228730743581e+00 4.220551904331539678e-03 1.396830421438489305e-03 9.999901725979065681e-01 9.662609455490979826e+01
9.999495862473490870e-01 9.241239434618634535e-03 -3.974955148364576335e-03 -4.863692138814830757e-01 -9.248982375692889335e-03 9.999555539424710426e-01 -1.934042578214979335e-03 -2.160227314261185416e+00 3.956937765059494704e-03 1.970716632664942965e-03 9.999902842513539447e-01 9.796957006158399395e+01
9.999345830712219607e-01 1.086771402178074268e-02 -3.620161490049132128e-03 -5.007805115121209960e-01 -1.087462055256683408e-02 9.999392771150140691e-01 -1.893727687350583132e-03 -2.189631955115680206e+00 3.599393063800995080e-03 1.932979172812987912e-03 9.999917088490004602e-01 9.933002482611622952e+01
9.999296068116614311e-01 1.139771801463330091e-02 -3.355443583309779439e-03 -5.119835982203690961e-01 -1.139917313935757265e-02 9.999351448664652864e-01 -4.151396980410171572e-04 -2.223907555656772228e+00 3.350528445501844803e-03 4.533675402625697462e-04 9.999943410025355917e-01 1.006623751922847561e+02
9.999216297462232284e-01 1.208999255028587842e-02 -3.309520381024336037e-03 -5.259345552814057578e-01 -1.208855202022622415e-02 9.999270343611293965e-01 4.547919554144129115e-04 -2.254590491349443671e+00 3.314809392514989853e-03 -4.147410813008905453e-04 9.999944796832460625e-01 1.020143259526559945e+02
9.999246240938225450e-01 1.183861599934098001e-02 -3.313945651591776193e-03 -5.377276589952121322e-01 -1.184104278421283310e-02 9.999298469006083767e-01 -7.137767867366502780e-04 -2.290446920476108872e+00 3.305292891533154198e-03 7.529710799106540059e-04 9.999943147572956104e-01 1.033567660985737007e+02
9.999262735956083725e-01 1.174809453651088145e-02 -3.133489727751411803e-03 -5.484544210545627685e-01 -1.175809933899604753e-02 9.999259816007372015e-01 -3.193932917843470519e-03 -2.319458426772339710e+00 3.095764823288071812e-03 3.230547947015411248e-03 9.999900526671801071e-01 1.046851012809791825e+02
9.999236687169148485e-01 1.197808042056837385e-02 -3.093983405276833597e-03 -5.586401390994434335e-01 -1.199141020671344940e-02 9.999189537773041092e-01 -4.326480016091225310e-03 -2.354446471888397063e+00 3.041938337883365491e-03 4.363257339509649287e-03 9.999859182541639413e-01 1.060075939238977583e+02
9.999519050969195577e-01 9.341328272873853159e-03 -3.054080386050199436e-03 -5.684819953825926975e-01 -9.351340458279068860e-03 9.999511118281001476e-01 -3.280729848983372776e-03 -2.389948453318711419e+00 3.023315286642244606e-03 3.309138640282062709e-03 9.999900187920878203e-01 1.073504033677947263e+02
9.999740917307322619e-01 6.795892025474360026e-03 -2.456903686093341727e-03 -5.754718133431301341e-01 -6.799620109466541877e-03 9.999759595051685990e-01 -1.512342705027196199e-03 -2.421129766112713799e+00 2.446599144820424138e-03 1.529016465860508819e-03 9.999959026781198856e-01 1.086735599495764149e+02
9.999864929422099813e-01 4.969183410640779473e-03 -1.653947218510285182e-03 -5.835535550103485569e-01 -4.970837451651210874e-03 9.999873735438993272e-01 -9.980257723463520619e-04 -2.455123909905847945e+00 1.649003478891388798e-03 1.006238915899501218e-03 9.999981997409085333e-01 1.100136465496746894e+02
9.999887375713574222e-01 4.703479179856266158e-03 -9.071748176357856408e-04 -5.875036445642431993e-01 -4.705503325193126536e-03 9.999866433634340135e-01 -2.243120421223800988e-03 -2.489137338790719856e+00 8.966518296451959046e-04 2.247368682854845173e-03 9.999971388947025419e-01 1.113374938404022174e+02
9.999804411355078804e-01 6.285352650514284059e-03 -1.928473118183783336e-04 -5.958099709238632302e-01 -6.286183886318015383e-03 9.999695756331926644e-01 -4.668782818807019376e-03 -2.518800839664254720e+00 1.635386771086759776e-04 4.669908154793880363e-03 9.999891493632361295e-01 1.126517587769115210e+02
9.999572148307258601e-01 9.238332718046997002e-03 8.093268670888839524e-04 -6.017408919442156501e-01 -9.232905055584503598e-03 9.999366792029943385e-01 -6.470293894485783411e-03 -2.558505613161441428e+00 -8.690071663503607692e-04 6.462548671925495529e-03 9.999788067816571813e-01 1.139692634611243136e+02
9.999243478989424672e-01 1.208824793687877409e-02 2.368929418566299763e-03 -6.125505465233245239e-01 -1.207199885121774778e-02 9.999045396944793440e-01 -6.757064882058332750e-03 -2.590777100800188748e+00 -2.450341322284164611e-03 6.727959815027875420e-03 9.999744318163988899e-01 1.152948280769614513e+02
9.999100024083309446e-01 1.287441773460231212e-02 3.831035918765656433e-03 -6.159842835621895940e-01 -1.285535384836791230e-02 9.999053105470152580e-01 -4.959399943588202984e-03 -2.623789805393075270e+00 -3.894477108739215904e-03 4.909708796740099718e-03 9.999804332691368813e-01 1.166404189427411069e+02
9.999061601269355615e-01 1.286000967130712137e-02 4.767987979731458728e-03 -6.179575601721671863e-01 -1.284686905017692025e-02 9.999138663855374753e-01 -2.776125868320595061e-03 -2.658369754268438356e+00 -4.803230852789881593e-03 2.714617332284936010e-03 9.999848499068850760e-01 1.179641790579067191e+02
9.999098740894377668e-01 1.222480002900053035e-02 5.589562036731286591e-03 -6.147609200270720553e-01 -1.221225622414524870e-02 9.999230911400354138e-01 -2.272516614287466413e-03 -2.692013557626513176e+00 -5.616865189667377689e-03 2.204056685478947720e-03 9.999818664396359358e-01 1.192915680983859801e+02
9.998942886592462331e-01 1.298084756419374923e-02 6.584523743338848920e-03 -6.139307162394789241e-01 -1.296153864807532592e-02 9.999118469047056923e-01 -2.966371425303331380e-03 -2.723439926517768672e+00 -6.622404162198267108e-03 2.880718337188933019e-03 9.999739970150356427e-01 1.206253844059642830e+02
9.998618353031101247e-01 1.458319144494783955e-02 8.005807635412471104e-03 -6.127658348393818510e-01 -1.455660804219679853e-02 9.998886272161139344e-01 -3.368534942549023491e-03 -2.753565784970855024e+00 -8.053991780133287759e-03 3.251538469955488585e-03 9.999623549801298639e-01 1.219348344660478745e+02
9.998353749203929830e-01 1.570761632474495378e-02 9.107500885045532665e-03 -6.155375048919442538e-01 -1.567160782649919606e-02 9.998694030916732700e-01 -4.011545858537642929e-03 -2.787547458695174729e+00 -9.169274114768831418e-03 3.868162421191687506e-03 9.999505580119576464e-01 1.233043950834018716e+02
9.998035210921221161e-01 1.689413212038341772e-02 1.039047076785536844e-02 -6.119168909102412623e-01 -1.684364726686461006e-02 9.998462560830693180e-01 -4.927167217561378293e-03 -2.820887161689694000e+00 -1.047206281484848629e-02 4.751191730587237504e-03 9.999339596918286333e-01 1.246119488941004647e+02
9.997727031820378141e-01 1.803394188207949056e-02 1.139186616162482513e-02 -6.059819199716663940e-01 -1.796862784471066690e-02 9.998219340624199258e-01 -5.809839816729730523e-03 -2.856416761471155308e+00 -1.149455960906548002e-02 5.603828589879018829e-03 9.999183153196474771e-01 1.259636877884949229e+02
9.997825097350971912e-01 1.684798851260350602e-02 1.231009594250527875e-02 -5.974832289791179862e-01 -1.677508100434197888e-02 9.998415392118137346e-01 -6.001920938987706164e-03 -2.890663689950820903e+00 -1.240921226863101086e-02 5.794118380319139908e-03 9.999062980188699878e-01 1.272998369149542981e+02
9.997707247415303922e-01 1.674194756603045522e-02 1.336662558044612870e-02 -5.865486743383212520e-01 -1.667585566998764507e-02 9.998485086586137438e-01 -5.040693477447314927e-03 -2.926264287389815255e+00 -1.344893661372416858e-02 4.816643948068506306e-03 9.998980411736604346e-01 1.286215963031508807e+02
9.997830081190680618e-01 1.531592775902812335e-02 1.413610970500359630e-02 -5.738002436455427180e-01 -1.525898424514262643e-02 9.998753280274822464e-01 -4.127251584432321298e-03 -2.960611806833248316e+00 -1.419750299311605540e-02 3.910659603962254698e-03 9.998916465621059402e-01 1.299950177590586975e+02
9.997898113270470288e-01 1.452715710652627105e-02 1.448362425512953258e-02 -5.607745322911847907e-01 -1.446993225815506115e-02 9.998873872221958337e-01 -4.047915264619037640e-03 -2.995824115104534169e+00 -1.454074063879808726e-02 3.837495816394763653e-03 9.998869979125006857e-01 1.313087347592401102e+02
9.998191582000810484e-01 1.235346229334914787e-02 1.447511566848108666e-02 -5.442677632304381286e-01 -1.230147659376582513e-02 9.999178598485933822e-01 -3.674856537835041910e-03 -3.027759915230726850e+00 -1.451926696507205121e-02 3.496135317451224637e-03 9.998885618502295625e-01 1.326622180614397735e+02
9.998419376591363150e-01 1.063518267138305502e-02 1.426469644746063137e-02 -5.341853047138095389e-01 -1.058452140382328335e-02 9.999377017947732593e-01 -3.622244964079082783e-03 -3.066846772443371894e+00 -1.430227455792315756e-02 3.470696333222725131e-03 9.998917779024362185e-01 1.339999326217536293e+02
9.998646163691528033e-01 9.210584638636833479e-03 1.365309846847953708e-02 -5.191955077790808559e-01 -9.157216093162083223e-03 9.999504895425218587e-01 -3.966110934100490655e-03 -3.102670714883143166e+00 -1.368889931131681524e-02 3.840559524649954891e-03 9.998990126667132161e-01 1.353312264109398484e+02
9.998866051338504146e-01 8.432375296888635838e-03 1.249697512986501502e-02 -5.064292383630790706e-01 -8.379844433267820067e-03 9.999561463764983227e-01 -4.249631833840193315e-03 -3.138920680346000580e+00 -1.253220532219682069e-02 4.144433856464625233e-03 9.999129670369933942e-01 1.366832793961372374e+02
9.999158337120437334e-01 6.200633691519444671e-03 1.141877542229547543e-02 -4.934732416500458019e-01 -6.163049925188005505e-03 9.999757785443530445e-01 -3.323395918872474458e-03 -3.165898460646798807e+00 -1.143904694565428884e-02 3.252749340380964391e-03 9.999293693970700003e-01 1.379904225788285714e+02
9.999356863436597020e-01 4.851124725859836707e-03 1.027628515517653440e-02 -4.825633926148550912e-01 -4.820441670404658832e-03 9.999841501959431112e-01 -3.008228664680872352e-03 -3.198225822722127631e+00 -1.029065747875165977e-02 2.958505988927262291e-03 9.999427615661146129e-01 1.393323360738118879e+02
9.999484622048870897e-01 4.609326878936097910e-03 9.074464850501291757e-03 -4.727362972598298518e-01 -4.579532547560285181e-03 9.999843620672558275e-01 -3.301073828416485438e-03 -3.234266037847779440e+00 -9.089479972944965180e-03 3.259353529752777659e-03 9.999534664480481672e-01 1.406710593849060729e+02
9.999577999918300986e-01 4.744026434129740115e-03 7.900495254036556114e-03 -4.727537787964445348e-01 -4.712279701426956222e-03 9.999810696228772500e-01 -4.031763796486860681e-03 -3.273246129030695339e+00 -7.919413289953101606e-03 3.994370390653701787e-03 9.999607518768539594e-01 1.420297905600917261e+02
9.999672014295972744e-01 4.371980869876163425e-03 6.856637625217744392e-03 -4.681702204917655430e-01 -4.338759989339686755e-03 9.999791213945488089e-01 -4.852060598004847083e-03 -3.304513082318260686e+00 -6.877644291977535497e-03 4.822157496081141970e-03 9.999648125035537349e-01 1.433742896788974406e+02
9.999781288853366590e-01 3.210815486977720411e-03 5.827882821800321744e-03 -4.639348046902272427e-01 -3.170905424238628940e-03 9.999718589916856137e-01 -6.843971095140993083e-03 -3.341433647123843276e+00 -5.849631199422367610e-03 6.825346039486181182e-03 9.999596894838944650e-01 1.447035759042376526e+02
9.999875598672444132e-01 -1.304314229956222027e-03 4.869675341196773484e-03 -4.570347886813901361e-01 1.341360908504340326e-03 9.999704402279663285e-01 -7.611560161397831585e-03 -3.385737694364796102e+00 -4.859541649527275922e-03 7.618001123826403237e-03 9.999592666996656165e-01 1.460499740959955659e+02
9.999469598931957082e-01 -9.599083675203906249e-03 3.804548396131427184e-03 -4.429500312008075036e-01 9.619018178031299784e-03 9.999402341596222987e-01 -5.255851962654759478e-03 -3.415731213220412066e+00 -3.753807332240094441e-03 5.292173487028216210e-03 9.999790428963896138e-01 1.473759268916296605e+02
9.998408753847657371e-01 -1.773062615318660509e-02 2.097402800691633169e-03 -4.265499976433473339e-01 1.773906361339475102e-02 9.998346656533163568e-01 -4.074210163628221200e-03 -3.447897649894639649e+00 -2.024755196554879622e-03 4.110772535538908742e-03 9.999895932070752558e-01 1.487190500777017235e+02
9.998054041266866143e-01 -1.971928496548389087e-02 9.277488039990254998e-04 -4.199898243860577529e-01 1.972505547414619281e-02 9.997834102788234478e-01 -6.685361972902715763e-03 -3.485556905756583390e+00 -7.956539764652185856e-04 6.702364098559202184e-03 9.999773148879167461e-01 1.500468546549335258e+02
9.998387723765744806e-01 -1.791345417877027862e-02 1.448961112342553358e-03 -4.202939592960637794e-01 1.792747854283075273e-02 9.997862943631866672e-01 -1.032549546175020629e-02 -3.532193404631325251e+00 -1.263621413589242860e-03 1.034980836933351717e-02 9.999457336028557686e-01 1.513869776214973228e+02
9.998831020836680405e-01 -1.514393216160497477e-02 2.239642947721221834e-03 -4.279903528553269942e-01 1.517097791149665115e-02 9.998059000517377504e-01 -1.259600130158701828e-02 -3.567017038941584950e+00 -2.048387961369506176e-03 1.262850679458899991e-02 9.999182520402294383e-01 1.527222810797389059e+02
9.999059093804814058e-01 -1.337845310912930304e-02 3.125583673118469737e-03 -4.315685213010621579e-01 1.341678109037490810e-02 9.998311719137144005e-01 -1.258096482404101601e-02 -3.621285228215793683e+00 -2.956674756062913512e-03 1.262171704365504070e-02 9.999160645989313423e-01 1.540548665165066495e+02
9.998435012716637704e-01 -1.729475563832121032e-02 3.801725119802271558e-03 -4.302996640924589555e-01 1.733122803036100598e-02 9.998023135804363637e-01 -9.779281773456108967e-03 -3.658456128028085175e+00 -3.631774064700853989e-03 9.843642268337983448e-03 9.999450480709672906e-01 1.554285963408364637e+02
9.997207193915401691e-01 -2.326568331609488519e-02 4.217566825309855029e-03 -4.174383266055891051e-01 2.329432134595415746e-02 9.997053652799825496e-01 -6.872948329314077995e-03 -3.703338992927014850e+00 -4.056349307320622835e-03 6.969278327538158679e-03 9.999675803519373352e-01 1.567750478950287345e+02
9.996612095816014287e-01 -2.570750049078492430e-02 4.146161102449987500e-03 -4.061471477976991151e-01 2.573207550881517064e-02 9.996512910157105969e-01 -5.986727097335025304e-03 -3.745241924343816198e+00 -3.990739072336200489e-03 6.091392949753104448e-03 9.999735777398439662e-01 1.581249595519672937e+02
9.996132649902386147e-01 -2.752788563642142444e-02 4.018285264493889376e-03 -3.982536904006370171e-01 2.755060646496462068e-02 9.996044400483723447e-01 -5.711687222747599893e-03 -3.784909422235390952e+00 -3.859387830977238122e-03 5.820185740006258816e-03 9.999757131952617950e-01 1.594599258536801472e+02
9.996375347684417489e-01 -2.645628902673840752e-02 5.048393503609598446e-03 -3.986140031460350674e-01 2.648314414510566719e-02 9.996354154006583670e-01 -5.327954980535758688e-03 -3.810801665866610399e+00 -4.905515675169195774e-03 5.459723063057623019e-03 9.999731616188408667e-01 1.608221723079878416e+02
9.996949942712927140e-01 -2.394530399710808471e-02 6.096804517658991132e-03 -4.021203388094231612e-01 2.398176753220289392e-02 9.996948761281065909e-01 -5.978743206733338686e-03 -3.842844756945460016e+00 -5.951699558694066236e-03 6.123133847425283813e-03 9.999636401102534045e-01 1.621716181313886125e+02
9.997902971239925884e-01 -1.920761215098451200e-02 7.146080199300870045e-03 -4.018863388856322438e-01 1.926562439906657695e-02 9.997816338098296507e-01 -8.139004244757873721e-03 -3.886097272788906487e+00 -6.988105243739551643e-03 8.274972233496363100e-03 9.999414425009945928e-01 1.635153503699458781e+02
9.998401002359375012e-01 -1.607662732758804308e-02 7.871523324097771251e-03 -3.997112663756176021e-01 1.614568813680957587e-02 9.998313837584372754e-01 -8.789291736365324043e-03 -3.925433177231736348e+00 -7.728808915333365732e-03 8.914978901997917815e-03 9.999304905899552010e-01 1.648541871338109672e+02
9.998431722528725585e-01 -1.573398791461006613e-02 8.168687324328774771e-03 -3.962200891133718095e-01 1.579635851579392833e-02 9.998465102339956223e-01 -7.627117356591661679e-03 -3.956301110809716359e+00 -8.047340259152263933e-03 7.754958992462812617e-03 9.999376476966612692e-01 1.662155498702233274e+02
9.998551711649348306e-01 -1.503521794224761850e-02 8.014926039435755351e-03 -3.886052003346756600e-01 1.509803718832757394e-02 9.998556936473665946e-01 -7.835059636272505290e-03 -3.994256029556229493e+00 -7.895879626493509593e-03 7.954937405024911645e-03 9.999372842948476281e-01 1.675690857483847367e+02
9.998929498737708643e-01 -1.256202988601148179e-02 7.546453572347162561e-03 -3.871439982621081577e-01 1.263864336265712804e-02 9.998685728180062293e-01 -1.019099546988249706e-02 -4.035501450015350322e+00 -7.417351040904592192e-03 1.028528239891054671e-02 9.999196955052586100e-01 1.689210175881437124e+02
9.999424463366626270e-01 -8.098222986601733009e-03 7.084690015197720944e-03 -3.850827655178424846e-01 8.190782637477583492e-03 9.998805794371763422e-01 -1.313384856383179380e-02 -4.081467129366497915e+00 -6.977391496891172627e-03 1.319112127787252890e-02 9.998887498531956464e-01 1.702874621512577278e+02
9.999750775502049827e-01 -1.987374107375656195e-03 6.824088021747615716e-03 -3.861082898979204536e-01 2.085503898393479237e-03 9.998944921837118471e-01 -1.440204052943489660e-02 -4.129746540371395547e+00 -6.794653931442561426e-03 1.441591261369272806e-02 9.998730999285743160e-01 1.716427680442272390e+02
9.999740592385565341e-01 1.249529209915761514e-03 7.141141925835415433e-03 -3.891979249043091005e-01 -1.153091131513027867e-03 9.999087026661506172e-01 -1.349172057600790849e-02 -4.165194594767797298e+00 -7.157253095372939286e-03 1.348313590397740187e-02 9.998835853311803801e-01 1.730010220765951203e+02
9.999600823337013722e-01 4.385638732242260612e-03 7.828391392113560887e-03 -3.928693139310241444e-01 -4.297424362700214689e-03 9.999278831448401572e-01 -1.124900764406435404e-02 -4.208003426105567435e+00 -7.877061436792722957e-03 1.121491803257091031e-02 9.999061882598666573e-01 1.743833647088406451e+02
9.999619025142463258e-01 3.888498225122994680e-03 7.858764072093214065e-03 -3.916205801819907517e-01 -3.814284862522898407e-03 9.999486019868722986e-01 -9.435437567096359099e-03 -4.250280236429381908e+00 -7.894950198613409978e-03 9.405105015727366000e-03 9.999247079976402164e-01 1.757804187730299930e+02
9.999743953797294305e-01 1.589012003567469560e-03 7.026844622296673365e-03 -3.844905593206717764e-01 -1.530679385991462818e-03 9.999647945888636702e-01 -8.297912687574732563e-03 -4.291886574669224075e+00 -7.039684061408338529e-03 8.286947588004084028e-03 9.999409869194475498e-01 1.771749425269723304e+02
9.999846431134880032e-01 -1.730161248164961479e-03 5.331489319659599158e-03 -3.786908436123574417e-01 1.773807281257737444e-03 9.999652782448448241e-01 -8.191248814166315895e-03 -4.323357705353870983e+00 -5.317033457178011249e-03 8.200583740725776727e-03 9.999523427884399185e-01 1.785313803623534454e+02
9.999928919962493001e-01 -1.965353413432689971e-03 3.325858509573897514e-03 -3.783713686180442126e-01 2.006110270954109161e-03 9.999228202398676713e-01 -1.229368291961478211e-02 -4.374913382147201268e+00 -3.301341319200298743e-03 1.230026851604813440e-02 9.999190039379277639e-01 1.799264837285819567e+02
9.999982763022328136e-01 1.028563475887595306e-03 1.760949516921352879e-03 -3.853618642850660247e-01 -9.997404448925148023e-04 9.998672621961640639e-01 -1.628704001732447088e-02 -4.428505347889916344e+00 -1.777369574346098890e-03 1.628524972318120406e-02 9.998659118371341359e-01 1.813132744099441140e+02
9.999904401090770056e-01 4.312320011253969673e-03 1.114751831059703673e-03 -4.011082910711755711e-01 -4.292089388987493058e-03 9.998372164996178757e-01 -1.754808474265543566e-02 -4.467811669777284500e+00 -1.190144790020579305e-03 1.754312995064156305e-02 9.998455042010370164e-01 1.827044761404433757e+02
9.999664785838076053e-01 8.177852564438956723e-03 9.431861614353964553e-04 -4.106835350647508598e-01 -8.161139428368071463e-03 9.998304570082992004e-01 -1.653105956261738743e-02 -4.519400670457843106e+00 -1.078116837171927758e-03 1.652280677514898419e-02 9.998630129646298714e-01 1.840899252531905290e+02
9.999533589129989686e-01 9.640985120180039017e-03 1.029753279287353449e-03 -4.201796353281743723e-01 -9.626306935476012031e-03 9.998641573095896629e-01 -1.341000981331917120e-02 -4.563703650729560302e+00 -1.158799677529319177e-03 1.339947270610416553e-02 9.999096569401275669e-01 1.854921700384332155e+02
9.999555094571137559e-01 9.364953950546071187e-03 1.417675275457052969e-03 -4.248512312486594222e-01 -9.348424329298599816e-03 9.998935043723370386e-01 -1.124358749451861463e-02 -4.606224473496953742e+00 -1.522719648844991910e-03 1.122983690190410347e-02 9.999358894084272587e-01 1.868808502450962123e+02
9.999518243771577941e-01 9.728231969758386818e-03 1.565206873895843903e-03 -4.309450127527786889e-01 -9.711052471173754058e-03 9.998967881084364073e-01 -1.062765720089279935e-02 -4.650747704266783522e+00 -1.668331050869176603e-03 1.061194767076127990e-02 9.999424058790219449e-01 1.882860890413001584e+02
9.999663060796846192e-01 8.126934769528941158e-03 1.443200850350333502e-03 -4.328053893443074562e-01 -8.111874695003221461e-03 9.999160471707393416e-01 -1.014585439194985207e-02 -4.691142022157159808e+00 -1.525431992695802349e-03 1.013380787620588724e-02 9.999475940534672258e-01 1.896887207084098179e+02
9.999822114609363544e-01 5.840548379367382220e-03 1.487961094068948262e-03 -4.316261685487408628e-01 -5.825821501091587619e-03 9.999362971469917261e-01 -9.711323881590518473e-03 -4.736461122356605102e+00 -1.544483522443522612e-03 9.702484975382848209e-03 9.999518429692639820e-01 1.910958796661781776e+02
9.999916785976512568e-01 3.772240483129487426e-03 1.780328639524355206e-03 -4.342613632958263747e-01 -3.754318474289460115e-03 9.999437733079202806e-01 -9.960487678560274449e-03 -4.781206187276105801e+00 -1.817700843702211612e-03 9.953723152847277628e-03 9.999489145052234962e-01 1.925236733296914053e+02
9.999977391213075162e-01 7.980492590741167626e-04 2.155180860846689535e-03 -4.319610660466214891e-01 -7.782071052557706231e-04 9.999579137321119582e-01 -9.188284178812133191e-03 -4.821403061956197611e+00 -2.162320962538535115e-03 9.186588644565450365e-03 9.999555706757646822e-01 1.939272448000211284e+02
9.999916023739443549e-01 -3.319595633499682671e-03 2.557886181128045822e-03 -4.258949980463119234e-01 3.339983681074268525e-03 9.999628147017941560e-01 -8.005039489523455010e-03 -4.861446325632602594e+00 -2.531114313821716550e-03 8.013518461776473686e-03 9.999647941326349487e-01 1.953379886503886382e+02
9.999715770261838887e-01 -7.036313172184793970e-03 2.848292604220017000e-03 -4.241000876591247692e-01 7.058873884807224247e-03 9.999436261257115266e-01 -7.987116603167129791e-03 -4.900641389626323452e+00 -2.791830017818267614e-03 8.006997869239508570e-03 9.999641525766287398e-01 1.967577330340544961e+02
9.999857145848792817e-01 -4.449809485330309677e-03 3.090684167272974778e-03 -4.254754183611928475e-01 4.486792870572701465e-03 9.999176314930486864e-01 -1.206156719089080363e-02 -4.945908092435296943e+00 -3.036654722777695509e-03 1.207526214260544808e-02 9.999225868694209263e-01 1.981884749397048893e+02
9.999921566882531421e-01 2.129677509451503511e-03 3.455569045484319351e-03 -4.394559332781760030e-01 -2.070378701862336801e-03 9.998525663098012384e-01 -1.707188077399290210e-02 -4.993167615703466566e+00 -3.491313767049482753e-03 1.706458950816552161e-02 9.998484002824484795e-01 1.996249645235457422e+02
9.999285397146429055e-01 1.104248648886317109e-02 4.666286149463009202e-03 -4.526662110258592997e-01 -1.096036258004288305e-02 9.997912127366580526e-01 -1.727126696835917796e-02 -5.035615090167945951e+00 -4.855925036555869961e-03 1.721888613073265656e-02 9.998400587297592290e-01 2.010613755976347932e+02
9.998412006323180723e-01 1.678233022896986545e-02 6.060411099535580222e-03 -4.690859288692655893e-01 -1.669794608650801426e-02 9.997669694051093403e-01 -1.371449047602143340e-02 -5.075505639435008653e+00 -6.289054994000676559e-03 1.361111685604092514e-02 9.998876929545953418e-01 2.024931746829595056e+02
9.997990839399624186e-01 1.881245532971446977e-02 6.977896402849572202e-03 -4.715559337622098890e-01 -1.873128942287836593e-02 9.997586517934458072e-01 -1.151912356019363023e-02 -5.125256510863709813e+00 -7.192803856441041567e-03 1.138610682089719051e-02 9.999094152985061879e-01 2.039299327162926261e+02
9.998217681443524185e-01 1.777351189823285493e-02 6.430391376015492759e-03 -4.663843518480108585e-01 -1.770038965746181803e-02 9.997804621289296811e-01 -1.125366467227502040e-02 -5.173240073106621928e+00 -6.628885437747151187e-03 1.113784154966284204e-02 9.999161090268775531e-01 2.053722127915473266e+02
9.998835960724261618e-01 1.435871392100000928e-02 5.239390769292127416e-03 -4.567753601317910972e-01 -1.429950934476445848e-02 9.998358758501599830e-01 -1.116604215818516217e-02 -5.216537643504628896e+00 -5.398750406158944054e-03 1.108982475123299408e-02 9.999240411402682271e-01 2.068094322709572737e+02
9.999156332325547236e-01 1.234037501099778320e-02 4.156563301387253100e-03 -4.499156995409409610e-01 -1.229113016973730141e-02 9.998568327995814853e-01 -1.166974845724750784e-02 -5.265554845011598317e+00 -4.299867956856559884e-03 1.161767773520448743e-02 9.999233768246835741e-01 2.082429727148969505e+02
9.999048283579771157e-01 1.333638465288745217e-02 3.648428501404274438e-03 -4.523861963530064201e-01 -1.329001826999041957e-02 9.998346743550519111e-01 -1.244795349406026264e-02 -5.309509976626467065e+00 -3.813727269885340467e-03 1.239828330307232197e-02 9.999159805455123395e-01 2.096906274163007424e+02
9.998875492324091896e-01 1.461032053123703135e-02 3.503299098791711873e-03 -4.543369525839182077e-01 -1.456613574715551890e-02 9.998184900460455049e-01 -1.231976180623711552e-02 -5.356489212584642168e+00 -3.682550241699417137e-03 1.226735011496803314e-02 9.999180872532269504e-01 2.111395475553137260e+02
9.998780681585663910e-01 1.527463956391553364e-02 3.373753091053287041e-03 -4.595950053626575160e-01 -1.523427523931828939e-02 9.998162209942024203e-01 -1.167929933723475810e-02 -5.398640825389606768e+00 -3.551422849638346483e-03 1.162648296154867970e-02 9.999262192638475044e-01 2.126012372375394932e+02
9.998902878202808875e-01 1.452484715115390582e-02 3.048192035942776015e-03 -4.646629137108714280e-01 -1.448695456173951061e-02 9.998223030254386190e-01 -1.210205842512564710e-02 -5.452767562679377455e+00 -3.223325737000140578e-03 1.205657555134833844e-02 9.999222384739170355e-01 2.140745623291388426e+02
9.998874824212382606e-01 1.479088900230450011e-02 2.665191505655585026e-03 -4.678254202925274385e-01 -1.475449117480241018e-02 9.998046210257673927e-01 -1.319102834920950207e-02 -5.500794490714373097e+00 -2.859670949888399628e-03 1.315022361999125013e-02 9.999095639791910628e-01 2.155363347245326224e+02
9.998974372944590128e-01 1.415551953071523920e-02 2.364855965325156524e-03 -4.679292793306414344e-01 -1.412227251066567116e-02 9.998092929185681266e-01 -1.352490269101520350e-02 -5.549162492242633249e+00 -2.555750849905441026e-03 1.349012083236577654e-02 9.999058591454700329e-01 2.170071562241770664e+02
9.998933484402976468e-01 1.451940315010937128e-02 1.827826743351060887e-03 -4.710675995127128202e-01 -1.449325706569489121e-02 9.998032294059412406e-01 -1.358081832693628678e-02 -5.596807451022458579e+00 -2.024549174949338056e-03 1.355288100629876979e-02 9.999062276046455366e-01 2.184674562494475083e+02
9.998915666468932706e-01 1.466868478238161043e-02 1.596657835228596813e-03 -4.801361614159434521e-01 -1.464458602622263454e-02 9.997927456176916028e-01 -1.417738732759730481e-02 -5.651018023359515752e+00 -1.804185108240913011e-03 1.415247020233266657e-02 9.998983449921948763e-01 2.199470574290350555e+02
9.998956559659260002e-01 1.441133575158607023e-02 1.363334453438586275e-03 -4.859596036494907012e-01 -1.439021645457994568e-02 9.997932659207365846e-01 -1.439954985405972679e-02 -5.699428355643561872e+00 -1.570463492425098117e-03 1.437843092483880904e-02 9.998955157049870257e-01 2.214104523265439752e+02
9.998805846191342050e-01 1.545425077901079434e-02 9.243710543691861315e-04 -4.934101791201491727e-01 -1.543909170238396897e-02 9.997745227112683208e-01 -1.461307227815518937e-02 -5.748710904723870918e+00 -1.149891635602648529e-03 1.459705822137313466e-02 9.998929201286235191e-01 2.228888905101551927e+02
9.998838915782081171e-01 1.525839007942099076e-02 5.151339154865911332e-04 -4.979471619618617839e-01 -1.524892689867486488e-02 9.997714558951699138e-01 -1.501727287166647849e-02 -5.801587560281622480e+00 -7.440523476259452117e-04 1.500767746962203969e-02 9.998872260645985666e-01 2.243703817329515289e+02
9.998691152491383516e-01 1.620594829623211650e-02 1.051363910887690128e-04 -5.079941707106953031e-01 -1.620245279793284046e-02 9.997530141241988133e-01 -1.524515200062522696e-02 -5.855624237000688126e+00 -3.520706422343373890e-04 1.524145679937799480e-02 9.998839048250055539e-01 2.258664867029598042e+02
9.998786168876632185e-01 1.560922810101461090e-02 5.788369348092593780e-05 -5.143057480276868043e-01 -1.560651695099670236e-02 9.997622336965992229e-01 -1.526252749745085104e-02 -5.911772504471644929e+00 -2.960028501880481800e-04 1.525977452278880035e-02 9.998836437795453058e-01 2.273531694248669623e+02
9.998830013915365189e-01 1.532565385304296250e-02 1.048961192469617583e-04 -5.203476889581887255e-01 -1.532212967207300519e-02 9.997608091738103830e-01 -1.563944353310948651e-02 -5.965010400074567620e+00 -3.444531137084769234e-04 1.563600877776740242e-02 9.998778157394323518e-01 2.288459144412429112e+02
9.999009485328916869e-01 1.410503961202957957e-02 2.162902539205508769e-04 -5.275001408599576669e-01 -1.409997585654660865e-02 9.997806827447744960e-01 -1.551822115806772949e-02 -6.019866394285212863e+00 -4.350249854815978028e-04 1.551363641936798557e-02 9.998796866144453732e-01 2.303297166063491090e+02
9.999190555535171221e-01 1.275434750516063129e-02 3.412284374263115420e-04 -5.316814354994731096e-01 -1.274787147863102633e-02 9.998091520351169992e-01 -1.483886277346583432e-02 -6.075662377756868793e+00 -5.303194110293035996e-04 1.483331434859308171e-02 9.998899650863927180e-01 2.318386763954637217e+02
9.999154687615313675e-01 1.303447685286451656e-02 2.760505008355317535e-04 -5.347964110534529913e-01 -1.302901751950692917e-02 9.998080768407573427e-01 -1.466648120282658223e-02 -6.130251178187962502e+00 -4.670640669730699926e-04 1.466164837309226129e-02 9.998925286229328746e-01 2.333418047029753666e+02
9.999133962785474727e-01 1.319217525771918149e-02 2.962191385037027738e-04 -5.428818295399865379e-01 -1.318621168848443763e-02 9.998002222126083360e-01 -1.505640109278538231e-02 -6.180213374282854666e+00 -4.946812542576662069e-04 1.505119485069544676e-02 9.998867282430041747e-01 2.348309268579093896e+02
9.998949619064425587e-01 1.451163737521250253e-02 6.341797703478936708e-04 -5.477301978866965237e-01 -1.449963375259940776e-02 9.997674934587067463e-01 -1.599309289106959353e-02 -6.236798627703648457e+00 -8.660115025338264820e-04 1.598222089260207049e-02 9.998720275686170389e-01 2.363388376059253346e+02
9.998744720456752555e-01 1.583941675733811089e-02 1.040253852987744554e-03 -5.586111383029013222e-01 -1.582182924873156565e-02 9.997604460413515026e-01 -1.515866077833727919e-02 -6.287456594060190085e+00 -1.280003841794960821e-03 1.514030352721028837e-02 9.998846866736413874e-01 2.378435629023858269e+02
9.998802611627314318e-01 1.542217368848600688e-02 1.597897663255675241e-03 -5.645120785990289658e-01 -1.539966850290035508e-02 9.997942180407600743e-01 -1.324555692096983199e-02 -6.334978461981064513e+00 -1.801734750506218518e-03 1.321936968203318852e-02 9.999111259884226888e-01 2.393537369310890313e+02
9.998832951120845136e-01 1.514190252519254966e-02 2.248214427044053880e-03 -5.652545376031582469e-01 -1.511172535659412348e-02 9.998034086718287083e-01 -1.287846997777083655e-02 -6.387693971158156181e+00 -2.442667279304787126e-03 1.284299849500071013e-02 9.999146707977393245e-01 2.408762012989441814e+02
9.998674797380039392e-01 1.607553795351893827e-02 2.746409412509083752e-03 -5.684626792734199796e-01 -1.603424454234888413e-02 9.997676360646872151e-01 -1.444518099677191171e-02 -6.439447869043373629e+00 -2.977869842864160153e-03 1.439923470440043762e-02 9.998920223825653597e-01 2.423783494879031934e+02
9.998611034018245469e-01 1.634420870965445222e-02 3.403556935041888391e-03 -5.724356388606131052e-01 -1.628853596198710438e-02 9.997432561001777795e-01 -1.578592013863231239e-02 -6.493915239901076220e+00 -3.660575391069973393e-03 1.572829183445252285e-02 9.998697345078886300e-01 2.439029784242929395e+02
9.998517349430444678e-01 1.687613345429048867e-02 3.556480051103929566e-03 -5.748604733298866565e-01 -1.681877605445700891e-02 9.997376902692569622e-01 -1.558114991858262043e-02 -6.540239510266855127e+00 -3.818379959240228699e-03 1.551902778583917099e-02 9.998724154139747577e-01 2.454069265736047498e+02
9.998547229412553250e-01 1.670627199101529237e-02 3.518864137509220176e-03 -5.778267388350584177e-01 -1.665315739756357757e-02 9.997550393621910114e-01 -1.461632796696881072e-02 -6.597464375615905929e+00 -3.762064924039684038e-03 1.455561017541568032e-02 9.998871213060228635e-01 2.469322275391659787e+02
9.998525966880582594e-01 1.686740976830316749e-02 3.350360541484534438e-03 -5.780828288907180479e-01 -1.681895735162585587e-02 9.997611297066922864e-01 -1.399682831537083123e-02 -6.650866132982447887e+00 -3.585529204124736271e-03 1.393842190438063233e-02 9.998965647841036031e-01 2.484548880109072684e+02
9.998488751259495544e-01 1.713905236605196489e-02 3.072066384603526577e-03 -5.795118550613512776e-01 -1.709443501498139270e-02 9.997563897464851745e-01 -1.400172368652602070e-02 -6.702170572569634110e+00 -3.311173989571895501e-03 1.394710037841221002e-02 9.998973944882267872e-01 2.499716211062157356e+02
9.998246013004513655e-01 1.850866048428048694e-02 3.026645485852766989e-03 -5.845273863920510404e-01 -1.846475219462529252e-02 9.997328848215308872e-01 -1.394006495962868061e-02 -6.751558191535924180e+00 -3.283728545642685195e-03 1.388174179642136935e-02 9.998983945362868164e-01 2.514937421711263426e+02
9.998030944536158149e-01 1.959392109642051766e-02 3.289221602613067678e-03 -5.900988790916091853e-01 -1.954561225147143783e-02 9.997097490320058233e-01 -1.412460810702036683e-02 -6.809431610754613118e+00 -3.564901409591985856e-03 1.405754559792445763e-02 9.998949757177899578e-01 2.530239671221031017e+02
9.998008944960392608e-01 1.969908790373348789e-02 3.330092859741698615e-03 -5.918689998298126698e-01 -1.965018461540436051e-02 9.997076615208080330e-01 -1.412739935558430214e-02 -6.855987849209976837e+00 -3.607294525073918411e-03 1.405915821426092192e-02 9.998948010413136744e-01 2.545594434142993236e+02
9.998355743798920114e-01 1.786937386722841498e-02 3.239457945184874652e-03 -5.950642332879602092e-01 -1.782368065043281324e-02 9.997489216395762934e-01 -1.362145200025099805e-02 -6.910874525750419828e+00 -3.481929063427620288e-03 1.356148279329102806e-02 9.999021192734105501e-01 2.560905235425930755e+02
9.998615253106424294e-01 1.636839600642692530e-02 3.162089053177023421e-03 -5.939981710153076078e-01 -1.632624038661121407e-02 9.997837635267889933e-01 -1.292372354545767710e-02 -6.957500289773144608e+00 -3.372822630043911286e-03 1.287031904344810608e-02 9.999116285413122140e-01 2.576142545075079511e+02
9.999075760796070078e-01 1.323012389590654328e-02 3.286412494573801892e-03 -5.906064472782037722e-01 -1.318979085678827212e-02 9.998415459653068327e-01 -1.200247254945006198e-02 -7.013168035860283922e+00 -3.444562450184787857e-03 1.195802702659302767e-02 9.999227102892231933e-01 2.591442417371138731e+02
9.999226024090351883e-01 1.213982902099180160e-02 2.900654058099734565e-03 -5.873542159230230597e-01 -1.210134792331080469e-02 9.998437303310161450e-01 -1.293152035091691895e-02 -7.061318304811581292e+00 -3.057066481009729220e-03 1.289542769638795175e-02 9.999123214558702788e-01 2.606726928034065054e+02
9.999220970273162701e-01 1.218740450533031643e-02 2.875910381484395473e-03 -5.895643645911862185e-01 -1.214608561478570242e-02 9.998292351626014707e-01 -1.396887827151238430e-02 -7.118191727288229131e+00 -3.045541392309554334e-03 1.393286821976856549e-02 9.998984393262280168e-01 2.621944834372946502e+02
9.999486621878711512e-01 9.573767845755467784e-03 3.467865932380019642e-03 -5.845747612936674775e-01 -9.530894823884179454e-03 9.998810740680350584e-01 -1.217240870300748123e-02 -7.168448457619719605e+00 -3.583860904139311940e-03 1.213874147437916592e-02 9.999200475276510680e-01 2.637244521851045533e+02
9.999698638755426527e-01 6.905414094530576419e-03 3.688451640899336349e-03 -5.850706629312558693e-01 -6.865141410849799446e-03 9.999184945382039169e-01 -1.081900221696206754e-02 -7.215752113388947286e+00 -3.762729556980349676e-03 1.079336469415404128e-02 9.999348183082126251e-01 2.652784413977717577e+02
9.999764009833703726e-01 5.884065899281512059e-03 3.687277428901525930e-03 -5.812501473439674049e-01 -5.840938456954550967e-03 9.999162831685169950e-01 -1.159702325666690792e-02 -7.270171750877960193e+00 -3.755073379435775599e-03 1.157522183546244067e-02 9.999261027564644300e-01 2.668173503610602779e+02
9.999771510648052253e-01 5.578902477663908593e-03 3.949567667661546891e-03 -5.783887827520111102e-01 -5.528378580823518212e-03 9.999048287811966862e-01 -1.268693391364480137e-02 -7.321973413497317118e+00 -4.019834505029124330e-03 1.266481736495519983e-02 9.999118674871597667e-01 2.683453082616679239e+02
9.999678822960096358e-01 6.536775782168605803e-03 4.747549038765497970e-03 -5.797268451999804117e-01 -6.474355387360367954e-03 9.998945593548065336e-01 -1.304412304355525090e-02 -7.369891559682785420e+00 -4.832177903846305959e-03 1.301297505771979203e-02 9.999038013805695568e-01 2.698869179075330749e+02
9.999481510555408015e-01 8.385090554090507409e-03 5.868046013928214510e-03 -5.813698653618053491e-01 -8.307133421935416692e-03 9.998791875026041831e-01 -1.318379191665290662e-02 -7.424150589740483142e+00 -5.977746301672303385e-03 1.313437090199341163e-02 9.998960218549778345e-01 2.714375018352194502e+02
9.999278894275366314e-01 9.955845474257894734e-03 6.793333938469297423e-03 -5.806607098079527018e-01 -9.862036203604273438e-03 9.998580680757960248e-01 -1.370394474560570480e-02 -7.477907147815933797e+00 -6.928665141907755162e-03 1.363596974929823409e-02 9.998831700250782051e-01 2.729718240749966185e+02
9.999051984779070423e-01 1.144726796470816113e-02 7.721173135667037946e-03 -5.793966806149832838e-01 -1.133827184607494667e-02 9.998381222423287085e-01 -1.401417715250541374e-02 -7.528390290844390265e+00 -7.880207841978672731e-03 1.392531307582772597e-02 9.998721357535749199e-01 2.745085842027273202e+02
9.999033269996486784e-01 1.090738242199072554e-02 8.685706584923142543e-03 -5.733455797852307079e-01 -1.078166276339536864e-02 9.998389378496791435e-01 -1.439068807489050049e-02 -7.581764657616367309e+00 -8.841133275909438677e-03 1.429565849116413122e-02 9.998588744028640285e-01 2.760545489397691199e+02
9.998845857718876573e-01 1.180993791604916660e-02 9.613657706134332709e-03 -5.670265708644578462e-01 -1.166431660243228904e-02 9.998191158963847247e-01 -1.506408713169405528e-02 -7.638635093068747217e+00 -9.789679675271877393e-03 1.495022100132775526e-02 9.998404663774987933e-01 2.775928120237210805e+02
9.998808891503471186e-01 1.143088786918736513e-02 1.042274613622735935e-02 -5.576882491402833653e-01 -1.126734964649543820e-02 9.998152110133328163e-01 -1.561562007009825379e-02 -7.693217084841930564e+00 -1.059917507164407496e-02 1.549633252281819480e-02 9.998238977264969352e-01 2.791204903409970370e+02
9.998693648772055687e-01 1.149729654932151249e-02 1.140881490475151999e-02 -5.403001839385223048e-01 -1.131884195109145348e-02 9.998151233040090125e-01 -1.558416376767066819e-02 -7.750309839734044637e+00 -1.158573208375309783e-02 1.545300190230002035e-02 9.998136240916122297e-01 2.806586831740402772e+02
9.998800655580837304e-01 9.673813088977710473e-03 1.213977595298237032e-02 -5.277895092785874764e-01 -9.498316443877444920e-03 9.998513897075834711e-01 -1.443088809633914955e-02 -7.802818418221270313e+00 -1.227742179604878955e-02 1.431386006528888311e-02 9.998223273038985282e-01 2.822018726815856553e+02
9.998913913814483356e-01 8.204869616600428753e-03 1.228787122097322812e-02 -5.129765122413474376e-01 -8.028859442553014369e-03 9.998660858939196761e-01 -1.430460030382387122e-02 -7.857907181739747671e+00 -1.240344137634623485e-02 1.420439965886919828e-02 9.998223330729658631e-01 2.837266295488506103e+02
9.998923347739333556e-01 7.479556139361354106e-03 1.266820867827118773e-02 -4.950223605314114650e-01 -7.270758096329164692e-03 9.998389271608111306e-01 -1.644792423495895425e-02 -7.916383887398704466e+00 -1.278904094418199626e-02 1.635405419769678931e-02 9.997846247034002376e-01 2.852762701341413276e+02
9.998928787060858969e-01 8.270805541016036655e-03 1.212166910959534133e-02 -4.813268682490748351e-01 -8.042740756188304294e-03 9.997926202964549924e-01 -1.874330907304377555e-02 -7.975775544349722246e+00 -1.227402674693038945e-02 1.864381545190181566e-02 9.997510031544784015e-01 2.868133762107925122e+02
9.999104145364116070e-01 7.094300379038008010e-03 1.139937582320375668e-02 -4.696876317851589322e-01 -6.877813107794362828e-03 9.997980120627227851e-01 -1.891858787103108813e-02 -8.031246630939183007e+00 -1.153113699138014030e-02 1.883849642421105489e-02 9.997561987903116343e-01 2.883656903119058939e+02
9.999266200824459272e-01 5.545330827238378717e-03 1.082223622087074948e-02 -4.579290352170306555e-01 -5.340328946342629349e-03 9.998081447909294983e-01 -1.887965758838768340e-02 -8.091755408789527593e+00 -1.092470297320354000e-02 1.882048537647007178e-02 9.997633491470339084e-01 2.899239276956221829e+02
9.999373654002201572e-01 5.872965683493630573e-03 9.586664084294194837e-03 -4.422146480654246536e-01 -5.683685145326001185e-03 9.997913668838491752e-01 -1.965243667528804306e-02 -8.153744198133365373e+00 -9.699932213981302814e-03 1.959672226525265709e-02 9.997610688093657716e-01 2.914674621275824506e+02
9.999371483928782833e-01 6.533963957830066401e-03 9.172935772638887014e-03 -4.356481395792533018e-01 -6.350364281576681078e-03 9.997824048981838185e-01 -1.990279506446818170e-02 -8.215415348621801783e+00 -9.300835121234585223e-03 1.984329645480036389e-02 9.997599977519251446e-01 2.930283210943023846e+02
9.999461815976756762e-01 6.057704259962054180e-03 8.489708314145973447e-03 -4.287530726732611264e-01 -5.888679412346230907e-03 9.997873928970257840e-01 -1.979396782284224832e-02 -8.272651712304588401e+00 -8.607662115387335403e-03 1.974291294855676226e-02 9.997681950949811602e-01 2.945903634663216621e+02
9.999520065336142682e-01 6.169449674692215752e-03 7.685404535117896022e-03 -4.265150648065150207e-01 -6.018687184526637021e-03 9.997926546757168742e-01 -1.948697322568537088e-02 -8.337929032035324539e+00 -7.803893744903361331e-03 1.943978381430537181e-02 9.997807352840956119e-01 2.961566222738515535e+02
9.999598631179739128e-01 6.073915038485778843e-03 6.672708821265829066e-03 -4.157849077125433390e-01 -5.950857772308374739e-03 9.998153357322429047e-01 -1.830861704960922917e-02 -8.397874916901471920e+00 -6.782543608927067008e-03 1.826817662480312993e-02 9.998102809632131160e-01 2.977249565160526004e+02
9.999619474056468116e-01 6.445685973400968813e-03 5.975469362843874484e-03 -4.141189601516145902e-01 -6.343961848153977130e-03 9.998379250596171053e-01 -1.688807463379555368e-02 -8.454099236284163155e+00 -6.083221412451756543e-03 1.684952854462383812e-02 9.998396954478554477e-01 2.992978320297576147e+02
9.999508321618238993e-01 7.235621448344064371e-03 6.865695453979542978e-03 -4.061464796196729288e-01 -7.117758423515126685e-03 9.998301708884089756e-01 -1.703824825721575453e-02 -8.512259558792287351e+00 -6.987674033835438066e-03 1.698855104186399595e-02 9.998314337009570618e-01 3.008792417724658890e+02
9.999334322433057753e-01 8.367414347870177210e-03 8.017735299955634776e-03 -3.999300812351008205e-01 -8.226753717691312473e-03 9.998151101949486197e-01 -1.741858506180125887e-02 -8.573158257546481309e+00 -8.161860623894854130e-03 1.735147738097555375e-02 9.998163069609443676e-01 3.024545912746265799e+02
9.999405497046152114e-01 6.942229131410986541e-03 8.478213905390956720e-03 -3.878925564014633620e-01 -6.793801580605689748e-03 9.998259992674113361e-01 -1.741171622616096912e-02 -8.627802348639241004e+00 -8.597475239698922425e-03 1.735309174134719995e-02 9.998126283089151523e-01 3.040446685337121266e+02
9.999528650531842588e-01 4.517032197625238041e-03 8.663081828101255530e-03 -3.754316655964244354e-01 -4.352950528749858529e-03 9.998132200186261587e-01 -1.886628086022187553e-02 -8.689097134184216031e+00 -8.746543820016518950e-03 1.882768904216499534e-02 9.997846540117916181e-01 3.056533825045751769e+02
9.999522586229833143e-01 3.965110932753338098e-03 8.996865574759279824e-03 -3.650189253095872943e-01 -3.777549211121378897e-03 9.997778394767437016e-01 -2.076930880263522586e-02 -8.757828326350431070e+00 -9.077079925339716360e-03 2.073433620989430931e-02 9.997439846491863458e-01 3.072425217391040064e+02
9.999535399734296170e-01 3.274728476759558235e-03 9.131332247580370085e-03 -3.561860679942279173e-01 -3.072541992029736383e-03 9.997524247971311118e-01 -2.206845148535861029e-02 -8.817405981248322533e+00 -9.201198593838624817e-03 2.203937267016617060e-02 9.997149343716704717e-01 3.088604326744519994e+02
9.999664353695343344e-01 4.216679920046213781e-03 7.109168004276667473e-03 -3.466842505881035930e-01 -4.052831567485625994e-03 9.997300955065648864e-01 -2.290595946320158477e-02 -8.885773632699493163e+00 -7.203698060540399649e-03 2.287637835458473934e-02 9.997125213689332934e-01 3.104456184462476358e+02
9.999715858859952178e-01 5.878199810508746674e-03 4.845085642185990860e-03 -3.409409234683787870e-01 -5.768228663108447736e-03 9.997329911319623452e-01 -2.240656211215270519e-02 -8.950917815629885865e+00 -4.975367821186375480e-03 2.237797657558706840e-02 9.997373755337435330e-01 3.120474964600135763e+02
9.999643826479529540e-01 7.154875693628309080e-03 4.609291223181401914e-03 -3.374147684741332087e-01 -7.063187873218137840e-03 9.997834598476267320e-01 -1.960941900537159846e-02 -9.011619143937448229e+00 -4.748463964452010085e-03 1.957616723579863258e-02 9.997972672825210516e-01 3.136843133648199569e+02
9.999731484793845659e-01 5.500447589551312605e-03 4.965557541576059823e-03 -3.342706602068463151e-01 -5.418282069324470603e-03 9.998513491189290336e-01 -1.641076334364062819e-02 -9.072334672278362433e+00 -5.054950429273556700e-03 1.638342371412943727e-02 9.998531806239610020e-01 3.152920447639345980e+02
9.999759224737051477e-01 4.415422134032054996e-03 5.465717144895933938e-03 -3.270388547572651294e-01 -4.328862603348730513e-03 9.998673223407539279e-01 -1.574785972447019858e-02 -9.130574951413452212e+00 -5.534389699202096197e-03 1.572382448620312373e-02 9.998612329131840726e-01 3.169307152240055530e+02
9.999778040389151190e-01 3.813540469529851443e-03 5.573594149352084810e-03 -3.253480381391254395e-01 -3.718744275262912680e-03 9.998506283340869993e-01 -1.692014443866035611e-02 -9.194114471586020798e+00 -5.637152058852902027e-03 1.689904461679461040e-02 9.998414881676780386e-01 3.185348891353250451e+02
9.999773151893132095e-01 3.305450639994269961e-03 5.971689433133721241e-03 -3.151137864238388597e-01 -3.201653705695104834e-03 9.998457804086492429e-01 -1.730797037796758669e-02 -9.250963167567046952e+00 -6.027842799671479478e-03 1.728846101215220435e-02 9.998325525425943994e-01 3.201685456937215122e+02
9.999759035679162134e-01 3.075568014842132176e-03 6.320894408405573761e-03 -3.086018329084759815e-01 -2.968213734113170355e-03 9.998530803669511968e-01 -1.692360901064073400e-02 -9.311087411139087777e+00 -6.371878669232530594e-03 1.690444263037968811e-02 9.998369869376652064e-01 3.217776776061641613e+02
9.999736824743713504e-01 2.972921031657274789e-03 6.709584078363767072e-03 -3.032425392657796537e-01 -2.858787525272428204e-03 9.998528425326317359e-01 -1.695652290615405969e-02 -9.378338781825640069e+00 -6.758869540468589836e-03 1.693689879651261859e-02 9.998338980851763091e-01 3.234030342560174631e+02
9.999630299285369173e-01 4.741492700753581827e-03 7.258369118773254011e-03 -2.970753426317757628e-01 -4.611191697538898765e-03 9.998304872460925807e-01 -1.786455716555072556e-02 -9.441112120431537136e+00 -7.341702789631259114e-03 1.783042961169984536e-02 9.998142532602540822e-01 3.250389054556673614e+02
9.999534847434190521e-01 5.701823600465801174e-03 7.857917291199606816e-03 -2.969971513910985017e-01 -5.552591064632388801e-03 9.998069645355042168e-01 -1.888421179849253742e-02 -9.504789325240807329e+00 -7.963932496293287672e-03 1.883970425969163850e-02 9.997909825187594191e-01 3.266399789026560256e+02
9.999508427854413295e-01 4.714691064773839091e-03 8.792882336151790559e-03 -2.853526571483797070e-01 -4.562473580396168675e-03 9.998414712167427165e-01 -1.725195356100156507e-02 -9.569036721062552431e+00 -8.872681223252174010e-03 1.721099204141604555e-02 9.998126954427378754e-01 3.282680492285467153e+02
9.999559734092277052e-01 3.198091234690921339e-03 8.891467496543766294e-03 -2.772753746299624900e-01 -3.054520870911087843e-03 9.998662027655684792e-01 -1.611408679621859422e-02 -9.629711142835322590e+00 -8.941665735198819909e-03 1.608622450816763610e-02 9.998308107860189864e-01 3.298720276556393287e+02
9.999570803673860642e-01 3.156731513541080614e-03 8.781194140699943862e-03 -2.635539058347400876e-01 -3.000248519067363808e-03 9.998381944593760506e-01 -1.777655040135206477e-02 -9.696410684986050299e+00 -8.835741294423760800e-03 1.774944517985246537e-02 9.998036122672937509e-01 3.314940425468448097e+02
9.999523312371523254e-01 3.698202437634430691e-03 9.104895166943707124e-03 -2.525586518069082853e-01 -3.536597127735045028e-03 9.998377708887805637e-01 -1.770171715130000253e-02 -9.766488595166265441e+00 -9.168735606973829610e-03 1.766867646075408887e-02 9.998020448191201615e-01 3.331091609649283782e+02
9.999497345700497641e-01 5.122337381002897011e-03 8.691011877413322775e-03 -2.496033211871232504e-01 -4.948677420743345830e-03 9.997907115425374025e-01 -1.988651187232545400e-02 -9.815202196845399740e+00 -8.790910356891565650e-03 1.984250296833661720e-02 9.997646590988414905e-01 3.347116237457441343e+02
9.999347049347716565e-01 8.017093137449254545e-03 8.219462264250769132e-03 -2.459188534341170962e-01 -7.828093802230521106e-03 9.997107164617037300e-01 -2.277366330009416781e-02 -9.894281540412661613e+00 -8.399512793804849581e-03 2.270782921275891694e-02 9.997070491516371060e-01 3.363221287083168818e+02
9.999380143594477355e-01 8.621109445328262177e-03 7.134104055688541071e-03 -2.426456685622872256e-01 -8.461879970230628753e-03 9.997216317820921683e-01 -2.205664556868799919e-02 -9.959794951145582331e+00 -7.322122198581679231e-03 2.199490682727409802e-02 9.997314643056353090e-01 3.379248465403302930e+02
9.999355501623884424e-01 9.423483794785024112e-03 6.430060534388730778e-03 -2.422986012202446582e-01 -9.298494625463981852e-03 9.997731635482021151e-01 -1.919913769649504373e-02 -1.002740828287332420e+01 -6.609375265413127906e-03 1.913811046882427785e-02 9.997952019463351991e-01 3.395211728597597016e+02
9.999313473484926496e-01 1.037202040836602245e-02 5.565471088595715619e-03 -2.450760322174402317e-01 -1.027887001387975743e-02 9.998115391640546301e-01 -1.651311731544193376e-02 -1.008639724423848705e+01 -5.735547757831206336e-03 1.645478039220522187e-02 9.998483612960565869e-01 3.411366227755847831e+02
9.999342434929392454e-01 1.077246680856580943e-02 4.089080611490238798e-03 -2.487886183064377255e-01 -1.069984497781808173e-02 9.997923565199064999e-01 -1.738429455062863796e-02 -1.014825435137495546e+01 -4.275357071402084361e-03 1.733940220051977121e-02 9.998407261957426018e-01 3.427376590276629145e+02
9.999403235034551862e-01 1.067807363491004441e-02 2.566662093416544835e-03 -2.472188913781894204e-01 -1.062665332093873372e-02 9.997584843045207448e-01 -1.927451137787914229e-02 -1.021886047197997271e+01 -2.771713720069918490e-03 1.924608787426845477e-02 9.998111424237603462e-01 3.443512561038836566e+02
9.999585283820018322e-01 9.165051985227701953e-03 4.544851163706436679e-04 -2.474723494256365897e-01 -9.155184069461790725e-03 9.997909309745398598e-01 -1.832316858160226020e-02 -1.028017271181696302e+01 -6.221820900312969660e-04 1.831825221205672996e-02 9.998322214951171905e-01 3.459515340808917472e+02
9.999717687070667216e-01 7.589551719739416440e-03 -3.564383786711213605e-04 -2.492370373885502144e-01 -7.594610815705302685e-03 9.998197941890379914e-01 -1.744033661376618791e-02 -1.034722898950562531e+01 2.241502113441313777e-04 1.744255507057777474e-02 9.998480507487539359e-01 3.475425130578341850e+02
9.999731428164927438e-01 7.401916041174512288e-03 -4.409197971499590634e-04 -2.561956688842819685e-01 -7.408805574043292146e-03 9.998021436427649844e-01 -1.849998104621572784e-02 -1.041029794452399493e+01 3.040374848057984282e-04 1.850275326613507257e-02 9.998289741480653747e-01 3.491313871262159410e+02
9.999746554608688331e-01 7.151304058057113625e-03 -9.053352936520143307e-04 -2.627822180717946376e-01 -7.167603054846659154e-03 9.997848964218436496e-01 -1.950015836599126862e-02 -1.047842548866900891e+01 7.658285352211989310e-04 1.950615430530928604e-02 9.998096579260592476e-01 3.507214787607011317e+02
9.999780571863466916e-01 6.679880053688309893e-03 -7.364546911010590776e-04 -2.717832163478666740e-01 -6.693212639144772297e-03 9.997804594185882854e-01 -1.989231123593611719e-02 -1.054082982584722572e+01 6.035546565497961532e-04 1.989680541032180089e-02 9.998020740073527701e-01 3.523322356429058004e+02
9.999818766448206331e-01 6.060170630261997246e-03 -8.970465006281854760e-04 -2.754934757806399848e-01 -6.076856161741784300e-03 9.997834398982708981e-01 -1.994031584392779236e-02 -1.060871594473863766e+01 7.761504687079540414e-04 1.994540632041023193e-02 9.998009898769826265e-01 3.539193127612349485e+02
9.999860695025314383e-01 5.322374915096155477e-03 -9.069709128228789149e-04 -2.795814782777065743e-01 -5.339895635484593651e-03 9.997752660880625530e-01 -2.055177514850136875e-02 -1.067998927366222262e+01 7.975220273378579418e-04 2.055633008771736575e-02 9.997886017016399673e-01 3.555046035353221896e+02
9.999865901741670227e-01 5.240257651463277322e-03 -8.100971273499322145e-04 -2.875461105348511293e-01 -5.256263016815118476e-03 9.997620997715730429e-01 -2.120359077747850998e-02 -1.074939377839472776e+01 6.989331580307117783e-04 2.120756537501699429e-02 9.997750762067446617e-01 3.570910088383969310e+02
9.999881438714890436e-01 4.894831299495946801e-03 -1.025286148247949976e-03 -2.932252323609401135e-01 -4.915443383311747169e-03 9.997646411385577858e-01 -2.116559744649789548e-02 -1.081546653396340929e+01 9.215814305962672856e-04 2.117038682697958835e-02 9.997756857436962408e-01 3.586718169430490093e+02
9.999893886584070302e-01 4.704923085244602787e-03 -6.226808548629879283e-04 -3.064976697973681441e-01 -4.717482842064449691e-03 9.997479278528553781e-01 -2.198428739177155089e-02 -1.087496682092653444e+01 5.192290991991162187e-04 2.198699202434205649e-02 9.997583520179978978e-01 3.602609584378906789e+02
9.999932509167772654e-01 3.764227821963995330e-03 -7.981090647724571174e-04 -3.044513783050936118e-01 -3.781525321531109020e-03 9.997312887262460590e-01 -2.290288071443777329e-02 -1.095016794834807072e+01 7.118180349508621040e-04 2.290574594401247055e-02 9.997376079561326456e-01 3.618445733959795803e+02
9.999991377686613392e-01 1.512512673413882527e-03 -8.645647172777429093e-04 -3.095568947308332541e-01 -1.531094525129395685e-03 9.997596111815211239e-01 -2.190596252598308105e-02 -1.101065916059194016e+01 8.313608295140753309e-04 2.190727029152212887e-02 9.997598945450663077e-01 3.634303369805584794e+02
1.000000459286300547e+00 -4.131075201847870236e-04 -4.727076941927656076e-04 -3.171252626933647734e-01 4.032346504098794737e-04 9.997866427157701130e-01 -2.068829745096885039e-02 -1.108558884949004941e+01 4.812925987597164220e-04 2.068812022875396103e-02 9.997860961758510134e-01 3.650246202970594709e+02
1.000000393160174639e+00 -3.020211147269798429e-04 -6.651845032460438831e-04 -3.161581962271292623e-01 2.872622372534965138e-04 9.997571133410193545e-01 -2.207131781225202607e-02 -1.116293021018352150e+01 6.718338908701550335e-04 2.207113614921731720e-02 9.997564138886022578e-01 3.666368223203345451e+02
9.999997153345060452e-01 1.378089885935946659e-03 1.112347879836617558e-05 -3.256628205333789161e-01 -1.377488822378802272e-03 9.997434789131781629e-01 -2.264063182709898092e-02 -1.122963231970727627e+01 -4.217528926256739207e-05 2.264061409047564422e-02 9.997439053704604284e-01 3.682274819360481501e+02
9.999967869282314625e-01 2.785398448514061088e-03 2.227117640156449214e-05 -3.301135083666383307e-01 -2.784224055060099349e-03 9.997510498500804532e-01 -2.217225382845954343e-02 -1.129420317492972181e+01 -8.387893034782473829e-05 2.217212489788416771e-02 9.997544027042768455e-01 3.698214406376272905e+02
9.999930903272954419e-01 3.749978809345244201e-03 1.049139925178512508e-03 -3.373944337167703589e-01 -3.726537369661980098e-03 9.997622306867245401e-01 -2.152028365932711143e-02 -1.136235879246711811e+01 -1.129445916374537204e-03 2.151623577932280235e-02 9.997681024940937577e-01 3.714241209005857058e+02
9.999924989499217043e-01 3.895099368344243519e-03 1.087501948099035528e-03 -3.372558974309910473e-01 -3.870671276953657931e-03 9.997594033964476434e-01 -2.162600076795689538e-02 -1.142827492938699230e+01 -1.171331897603299478e-03 2.162164229805416810e-02 9.997657850877500474e-01 3.730098689220540678e+02
9.999920594830588039e-01 3.931140618712545241e-03 1.334376488406624787e-03 -3.432607838250575916e-01 -3.899782072360150932e-03 9.997345749067263476e-01 -2.273995945995272577e-02 -1.150669944343356477e+01 -1.423273553295587805e-03 2.273458722324352491e-02 9.997407706076513190e-01 3.746191945021848255e+02
9.999894597209544322e-01 4.262151684768094272e-03 2.066981233009813554e-03 -3.463825409556027801e-01 -4.213241172572440227e-03 9.997246695390104021e-01 -2.311643006924357993e-02 -1.157368706599631203e+01 -2.164794377159366071e-03 2.310748907302647565e-02 9.997308931813910782e-01 3.762284382310272122e+02
9.999874995402469047e-01 4.740764177588732524e-03 1.972543902955700441e-03 -3.487377370478429439e-01 -4.694107459908347831e-03 9.997246887804632776e-01 -2.302281033938717927e-02 -1.164251225247083354e+01 -2.081003045776338121e-03 2.301327489478932620e-02 9.997332486748528035e-01 3.778288603443774036e+02
9.999779201701123332e-01 6.125420149971801814e-03 2.830688534910626684e-03 -3.508694618452453118e-01 -6.058582697356003528e-03 9.997167927619565742e-01 -2.304715304753139973e-02 -1.170961924260701537e+01 -2.970916108807993092e-03 2.302951039052789084e-02 9.997306282451363657e-01 3.794318250185924626e+02
9.999746874019102005e-01 6.782156986316380254e-03 2.451137568542229722e-03 -3.586546790164676923e-01 -6.725332182968596535e-03 9.997251190609099947e-01 -2.249448075812048031e-02 -1.177020270265909474e+01 -2.602880871730969218e-03 2.247744415589731162e-02 9.997442232300370879e-01 3.810294308428508998e+02
9.999656717617465551e-01 7.835329623273677713e-03 2.941132462168047270e-03 -3.563167147340415841e-01 -7.765357271477152032e-03 9.997038765952717121e-01 -2.309574930232437262e-02 -1.183955180545223840e+01 -3.121074873287249529e-03 2.307213702526529978e-02 9.997291957812992624e-01 3.826274843516645774e+02
9.999532935501217468e-01 9.049346203027776661e-03 3.592977196782160682e-03 -3.604700641970357555e-01 -8.960585672891265355e-03 9.996726117848049320e-01 -2.399866088447724297e-02 -1.191554730292644848e+01 -3.808821238288322229e-03 2.396536438765072344e-02 9.997058001301687424e-01 3.842321427236787486e+02
9.999476526865733739e-01 9.563234824685353311e-03 3.824985581670809105e-03 -3.542901928731343464e-01 -9.467066290169223394e-03 9.996577752568530650e-01 -2.441863897603704925e-02 -1.199865630426367602e+01 -4.057046944052636328e-03 2.438116971957477591e-02 9.996947698970508611e-01 3.858623157791888048e+02
9.999332622350040056e-01 1.067581688651785161e-02 4.570963342526586023e-03 -3.573588232196216463e-01 -1.056372303283011592e-02 9.996597044069222004e-01 -2.388409047554284140e-02 -1.206769885436949785e+01 -4.824239024803823189e-03 2.383423180915511183e-02 9.997045538091251515e-01 3.874716680690622752e+02
9.999255438765143333e-01 1.139182119042976560e-02 4.531845615823175931e-03 -3.620967010038695921e-01 -1.128118449632834960e-02 9.996554216043475050e-01 -2.373484236589549698e-02 -1.213924588614240996e+01 -4.800514831170547836e-03 2.368197517886027476e-02 9.997082913834821616e-01 3.890892321137122849e+02
9.999045657870296866e-01 1.303428323585064177e-02 4.730455503260467751e-03 -3.621621486275584112e-01 -1.291790390830427175e-02 9.996327936204127962e-01 -2.385332919324888862e-02 -1.220756667734901058e+01 -5.039477284461013444e-03 2.378996901002183861e-02 9.997045513220333968e-01 3.906928032475547639e+02
9.999002942561246998e-01 1.302072895313339390e-02 5.592442727489167417e-03 -3.599863323023615447e-01 -1.288522313792921786e-02 9.996387402542766809e-01 -2.362071401617581515e-02 -1.227665416990711478e+01 -5.897827152791870753e-03 2.354632196869594490e-02 9.997056248016132907e-01 3.923171374284155490e+02
